# 4Nmu(intron total length)=2963.2000000000003 distribution=fixed Ns=-50.0 n=100 Neutral folded SFS
0 3042 1541 1027 809 550 447 396 397 324 314 298 286 245 221 211 186 182 152 178 178 171 151 164 117 131 125 112 116 120 113 104 92 106 101 79 102 78 84 85 90 92 90 81 100 84 77 95 80 78 75 71 96 70 59 83 66 67 85 54 72 79 59 56 81 80 72 71 60 59 68 64 68 52 74 61 75 39 46 45 58 62 64 60 67 65 47 58 63 56 65 56 52 61 56 75 55 50 60 65 34
0 2953 1420 914 737 609 524 409 388 348 349 235 246 239 209 192 191 190 173 155 149 168 144 158 162 141 154 123 106 139 112 133 113 112 86 105 94 66 78 120 77 94 99 80 63 100 74 58 60 71 88 54 77 60 67 77 58 58 74 72 68 56 77 77 63 77 63 52 72 53 67 49 55 49 58 55 62 63 60 73 69 56 67 67 51 53 61 66 68 59 55 65 50 49 47 49 73 74 52 54 25
0 3048 1525 1070 697 589 481 462 381 332 266 303 261 269 187 200 178 188 202 211 163 128 161 135 157 135 157 152 98 134 101 115 105 95 96 92 83 85 90 81 87 99 76 84 88 71 104 68 81 81 84 60 77 68 71 62 80 54 69 59 77 71 57 62 73 94 60 58 62 55 63 50 55 59 50 55 73 70 44 68 59 51 54 50 61 63 59 53 68 47 52 52 64 65 64 59 51 45 55 64 20
0 2889 1544 960 777 605 475 399 409 311 267 292 255 234 192 236 208 209 160 160 153 176 143 146 150 120 116 101 110 98 119 91 105 96 119 100 73 85 89 84 84 105 93 87 84 81 83 71 96 64 67 76 70 56 62 41 67 54 63 61 65 60 45 61 67 75 78 68 69 58 60 59 55 58 61 75 63 59 63 62 66 57 35 41 46 61 60 62 55 50 50 48 48 52 59 51 61 63 81 59 31
0 2948 1561 921 711 578 511 393 415 367 302 277 242 241 253 188 166 150 160 167 142 152 135 130 124 157 89 112 144 121 108 85 110 91 98 105 95 78 97 75 93 60 91 88 105 72 79 95 73 69 87 62 86 80 80 86 74 84 67 92 75 45 53 61 66 83 61 67 58 69 44 62 57 64 52 58 50 77 76 60 60 53 61 42 59 56 52 58 54 46 43 50 54 68 51 54 67 44 63 51 36
0 2958 1476 998 749 569 471 401 329 332 298 310 234 271 198 244 178 178 190 153 171 147 167 179 104 120 114 133 99 110 125 120 118 92 88 87 102 93 127 81 70 87 89 77 65 59 92 83 88 121 68 89 100 81 71 55 85 92 71 76 64 60 68 69 67 49 58 66 63 62 89 72 93 53 55 89 67 56 62 73 66 74 77 67 61 51 55 78 63 66 63 51 52 46 61 76 54 52 46 42 23
0 2990 1492 943 787 648 483 370 327 332 316 298 243 254 229 215 194 196 194 187 171 165 184 145 135 118 133 138 128 121 98 111 109 122 94 96 105 103 86 90 106 67 109 88 70 73 77 75 78 82 75 60 72 80 73 75 67 77 88 79 77 54 58 55 61 93 74 67 88 71 61 50 74 52 58 48 61 64 71 73 62 66 52 62 52 63 52 85 59 53 55 57 58 60 37 54 78 61 66 57 39
0 3003 1574 968 720 570 511 448 365 348 306 271 244 218 224 199 204 183 180 169 152 136 167 138 122 142 162 125 115 118 117 96 93 99 118 85 86 103 84 106 96 97 94 77 73 87 91 83 80 89 59 72 79 67 75 74 83 68 60 92 70 66 55 63 54 78 59 50 62 67 88 74 70 67 48 52 72 59 53 65 45 51 45 60 60 54 37 65 61 59 68 42 43 73 51 55 49 74 67 72 31
0 3010 1482 994 709 597 483 479 373 366 296 263 244 245 179 195 221 206 203 188 189 157 150 151 152 131 104 121 111 116 91 134 129 116 109 99 121 95 74 91 71 89 79 83 92 82 86 76 105 71 70 71 93 86 78 97 63 62 63 62 72 85 69 54 77 63 54 77 65 70 73 67 82 58 64 67 58 61 61 69 43 59 60 64 45 63 74 77 54 66 55 50 67 56 60 54 63 41 63 37 20
0 2800 1506 991 845 604 494 383 369 370 294 317 312 240 196 185 206 177 183 199 189 151 154 133 120 121 100 142 107 119 106 94 93 109 90 101 90 94 104 90 66 78 73 90 81 75 95 90 69 76 63 77 74 66 57 84 59 84 78 69 58 72 54 68 46 64 62 65 104 65 60 64 58 64 55 52 49 66 75 59 67 56 55 41 59 67 47 58 67 74 71 53 44 59 56 67 52 60 63 41 31
0 2889 1410 1015 717 612 489 416 388 352 288 259 256 279 251 195 186 191 169 158 182 149 134 168 148 148 140 132 113 150 129 105 91 130 92 102 115 98 109 90 80 100 108 82 84 89 73 69 80 71 65 83 79 72 74 61 53 61 75 62 63 72 70 75 67 68 47 56 73 58 51 46 50 52 51 70 56 75 66 62 63 65 50 72 66 55 79 71 61 62 49 69 47 53 54 54 45 43 38 58 20
0 2947 1435 984 774 641 512 435 397 316 330 245 264 255 223 203 185 160 142 167 147 137 166 157 161 171 141 112 140 75 128 84 109 127 124 139 112 100 71 89 89 81 87 90 78 84 75 79 64 57 71 102 75 77 62 55 77 94 71 88 63 68 74 60 80 66 52 56 77 55 61 53 57 71 51 81 51 66 47 73 78 93 48 57 75 60 54 47 62 54 61 52 33 46 82 73 53 65 50 35 13
0 2946 1509 996 751 621 496 440 415 313 274 263 278 230 201 185 171 209 160 189 163 155 142 153 114 134 142 144 121 142 111 104 108 79 127 110 93 96 96 84 92 84 90 66 98 68 70 78 72 87 96 72 84 70 81 67 62 69 73 50 50 64 50 59 56 78 64 74 52 62 59 52 45 56 80 29 66 71 59 71 72 69 62 57 58 75 62 66 83 58 36 57 61 61 65 53 55 44 50 55 29
0 2941 1493 988 726 538 518 414 365 364 314 255 211 219 247 190 182 185 183 160 176 154 121 135 147 111 133 116 134 126 128 113 104 103 97 83 71 98 104 90 88 84 90 92 104 60 69 82 92 78 65 73 82 81 85 76 105 72 62 71 66 50 72 60 64 53 63 49 75 53 61 44 45 71 61 64 72 66 54 39 70 74 48 55 53 55 49 63 66 69 66 82 54 54 57 49 72 44 79 52 30
0 2972 1493 1013 692 608 462 406 386 347 281 275 269 213 218 202 210 169 189 134 165 128 131 149 141 137 137 119 130 120 101 101 100 88 134 88 102 86 108 93 73 102 83 84 112 81 79 60 75 76 74 59 82 59 79 60 69 49 66 79 73 44 73 63 70 44 65 71 69 64 72 64 77 64 66 61 44 61 51 39 40 53 84 50 78 59 57 55 47 39 83 82 49 54 58 62 62 70 46 70 22
0 2974 1471 977 732 586 482 396 390 274 310 264 246 226 215 192 183 210 212 167 162 169 183 122 138 142 145 128 124 90 124 98 78 83 107 94 118 108 84 96 79 75 83 82 78 75 92 79 70 72 63 84 60 89 77 67 92 75 62 52 60 62 77 84 68 70 80 75 72 76 54 84 53 63 45 56 65 67 53 66 66 42 59 40 50 67 73 45 62 64 64 67 53 69 42 48 51 69 56 74 33
0 3055 1457 1027 751 588 467 467 363 317 314 289 229 225 233 196 191 167 159 215 181 138 133 113 165 137 137 119 118 112 112 118 98 107 100 89 99 111 98 108 80 88 83 80 85 87 98 89 97 77 79 86 68 72 84 51 73 78 70 74 62 62 59 61 74 42 57 57 59 40 53 51 69 55 47 71 63 72 65 56 67 55 56 54 73 67 42 68 46 59 41 66 51 41 51 75 66 67 65 74 43
0 2969 1425 973 711 584 522 445 404 362 310 297 252 230 221 226 193 186 192 176 157 138 139 134 145 133 134 130 94 113 120 100 97 106 95 108 96 105 96 88 110 81 57 67 74 81 93 59 84 84 94 83 57 71 77 60 77 66 75 65 75 67 62 74 73 64 80 75 57 73 67 65 48 56 53 64 62 55 50 63 48 61 48 54 57 75 48 65 64 55 49 56 60 56 60 57 59 53 59 74 39
0 2940 1445 966 728 654 537 423 411 321 279 289 253 279 268 212 185 162 171 159 187 168 137 152 128 152 131 111 126 108 83 91 103 108 94 99 98 103 85 98 114 97 74 91 64 95 95 88 91 74 90 72 85 73 70 63 61 73 54 75 71 63 52 63 60 55 80 46 64 63 46 76 53 65 69 56 89 65 54 42 73 78 78 52 61 46 51 64 53 51 76 61 49 45 62 52 76 54 61 42 21
0 2999 1464 1034 775 551 544 452 361 301 323 298 224 181 205 253 224 194 171 198 151 149 146 165 126 131 140 109 125 129 102 106 85 97 108 102 109 114 98 115 94 108 82 97 91 86 74 78 83 85 84 56 90 70 83 69 58 58 103 74 92 82 67 54 80 52 66 75 53 55 48 64 43 61 63 50 74 55 56 74 62 65 70 65 36 48 59 52 38 58 67 58 48 52 55 48 52 45 62 56 22
