# 4Nmu(exon total length)=1036.8 distribution=fixed Ns=-1.0  n=100 Selected folded SFS
0 1055 507 335 240 210 187 125 128 111 88 102 71 91 66 69 71 60 70 42 41 51 25 36 39 44 34 31 23 27 26 22 29 38 29 23 20 32 24 15 26 17 19 20 31 18 24 12 12 18 17 24 10 18 18 14 12 10 15 10 16 11 14 9 8 11 18 14 9 12 11 14 13 15 9 12 19 6 16 8 12 12 9 13 17 12 10 13 7 8 10 21 6 8 9 9 8 18 10 7 6
0 1039 511 344 257 180 154 148 111 107 102 79 76 67 75 64 71 51 51 49 43 40 36 48 43 36 31 37 36 37 31 34 27 19 30 27 22 23 14 28 25 26 18 21 20 20 21 9 24 14 19 18 20 21 12 9 15 17 18 12 33 13 9 14 15 12 10 17 12 13 14 10 14 10 13 1 16 9 11 8 10 11 5 8 9 10 7 11 9 11 13 14 11 15 15 15 12 14 6 15 7
0 1043 528 337 262 192 139 132 119 125 103 93 92 78 76 69 56 54 64 50 50 37 42 42 43 29 40 34 41 38 41 26 31 28 30 30 31 17 30 21 18 16 11 17 14 18 18 18 20 16 17 16 10 15 24 12 15 12 18 14 16 25 12 11 13 13 14 11 9 12 8 10 9 14 8 11 7 11 9 13 15 12 13 12 9 6 18 14 13 13 12 9 10 11 18 9 9 6 15 8 8
0 1046 529 389 250 202 154 144 135 104 79 116 100 80 70 65 78 70 60 46 53 34 47 46 37 37 41 45 37 45 30 26 24 31 28 24 25 27 24 29 24 31 25 27 16 15 15 17 16 15 14 12 23 18 16 15 17 15 11 18 8 8 11 21 12 18 20 13 8 11 14 16 16 6 16 11 10 21 15 12 17 10 11 12 10 5 9 5 7 17 7 13 5 13 11 7 9 3 15 10 4
0 1049 533 303 238 202 174 118 134 117 113 81 82 72 56 60 74 60 46 47 37 51 28 37 40 34 20 20 34 26 37 22 28 23 27 30 22 24 23 29 13 17 27 19 29 22 19 20 12 15 16 22 20 17 20 18 14 14 16 18 15 14 12 15 17 10 14 16 19 22 14 19 13 7 16 10 13 10 12 16 6 11 11 10 11 8 14 17 7 11 16 11 11 11 15 7 10 9 7 10 4
0 981 501 352 242 186 155 127 121 103 112 81 73 73 69 56 55 59 59 41 41 63 54 31 40 37 38 33 37 35 33 24 26 28 26 24 17 23 20 12 30 17 27 23 15 20 11 18 19 13 16 18 10 19 13 21 18 13 14 14 18 17 12 19 7 19 17 13 8 23 12 7 19 14 13 10 2 11 11 10 18 9 9 9 10 13 12 13 7 11 9 6 11 9 9 13 15 7 7 9 9
0 1044 506 343 230 224 174 131 137 112 89 95 86 93 77 62 50 60 52 56 48 47 50 41 41 37 35 26 41 28 28 22 18 27 26 24 25 25 27 27 23 23 22 16 24 25 15 17 23 15 18 31 12 12 21 11 17 11 12 12 16 12 12 15 14 12 12 11 8 13 17 10 11 11 12 15 16 12 7 14 14 6 11 12 11 9 11 9 9 16 11 4 16 11 17 13 14 6 13 12 6
0 1025 538 328 282 215 181 152 111 103 88 87 92 67 57 53 55 49 57 44 53 37 51 56 47 40 41 35 26 29 36 28 34 26 27 21 31 36 32 23 22 23 23 19 26 28 23 21 19 19 22 17 18 20 23 18 14 23 20 11 14 9 19 19 10 16 11 19 13 14 17 10 10 6 12 10 16 10 9 8 13 5 10 7 8 12 12 10 12 13 9 8 11 5 9 10 15 18 5 12 4
0 1025 534 355 235 191 163 144 97 114 117 103 75 75 73 77 68 54 68 52 48 40 29 50 42 43 34 30 43 32 26 28 29 22 23 29 33 15 33 27 25 16 21 20 20 18 18 12 15 23 19 17 19 18 15 26 9 8 18 26 20 11 13 14 9 14 20 12 12 12 10 12 11 11 9 10 11 13 16 11 14 17 9 16 8 11 14 10 4 11 11 5 9 12 12 5 19 9 11 9 5
0 1078 524 345 273 204 167 157 121 115 106 81 66 62 66 77 50 74 53 54 43 53 34 42 36 42 37 30 32 44 29 31 27 26 22 31 24 17 15 17 17 17 17 20 10 12 18 13 15 18 14 25 22 24 19 20 17 13 9 16 9 15 18 8 16 10 23 13 8 18 14 8 12 11 9 10 24 8 22 18 9 10 8 8 6 8 18 15 11 13 12 4 10 8 14 15 11 7 12 8 2
0 1028 500 326 278 208 171 118 123 107 81 84 75 85 62 58 67 48 51 41 54 43 51 35 49 38 43 38 30 21 24 32 31 31 25 23 25 31 32 18 13 21 21 18 23 21 18 14 23 26 22 18 10 13 21 15 6 11 22 12 14 23 7 9 18 5 13 17 11 18 10 5 17 16 11 9 13 9 10 9 11 3 12 19 15 7 8 15 7 15 9 12 6 14 7 14 7 11 11 9 4
0 1007 500 309 240 177 182 142 94 120 99 99 80 64 64 71 53 49 61 53 53 39 54 32 36 34 36 29 22 33 37 26 36 29 32 21 29 13 27 16 24 22 17 13 27 22 22 20 28 15 17 13 10 13 12 16 19 18 19 16 8 10 12 16 9 15 11 16 15 22 14 16 12 15 13 8 16 12 12 11 8 13 19 13 14 8 12 10 18 11 3 10 14 9 11 8 7 8 16 17 7
0 1002 502 354 240 166 168 123 140 93 115 99 76 77 64 71 72 44 61 58 39 39 54 34 43 50 35 27 28 29 26 20 35 33 26 33 29 23 34 23 27 23 13 23 27 28 20 17 15 15 18 17 17 21 17 12 20 11 12 15 17 13 10 10 11 12 18 11 17 22 11 10 20 16 14 19 12 17 28 12 14 16 15 10 9 11 8 15 6 6 12 10 14 16 6 9 12 8 6 13 3
0 1012 486 316 261 219 178 161 143 113 110 97 89 70 60 57 62 75 32 48 59 41 32 37 41 37 34 33 34 36 34 27 23 25 27 27 29 28 27 25 21 26 22 15 15 21 16 19 20 13 15 14 25 13 13 8 11 21 17 22 17 11 10 9 10 10 11 16 14 14 15 12 14 15 16 14 18 13 7 16 10 13 11 13 14 10 10 10 8 17 16 12 10 4 10 12 15 8 12 8 3
0 1064 540 347 234 216 161 135 107 103 100 66 89 81 67 73 60 61 55 45 61 46 37 33 56 40 28 31 32 35 24 32 17 20 29 19 24 31 34 15 14 18 24 24 25 11 23 17 13 17 10 17 9 8 12 13 15 11 11 15 12 16 6 12 13 13 11 11 9 17 16 9 12 12 21 11 9 12 17 9 14 9 14 10 11 12 10 5 16 11 11 11 11 8 10 13 15 11 16 13 7
0 1061 435 320 258 207 177 154 112 105 97 88 72 71 59 67 57 65 37 41 55 41 52 51 48 48 32 31 30 34 36 30 24 27 28 19 23 24 25 27 13 26 17 11 16 17 28 14 9 16 28 14 12 19 9 9 8 14 10 16 17 11 18 16 6 16 17 15 7 14 15 15 16 14 12 12 9 12 9 8 11 6 7 10 18 22 7 12 11 13 2 6 13 19 16 6 11 15 9 10 3
0 1031 483 321 238 198 157 137 105 112 97 94 76 65 71 58 58 64 60 46 53 55 45 38 40 30 40 31 38 25 24 34 15 21 33 21 25 20 22 14 20 21 29 18 19 12 22 21 12 21 13 30 11 14 17 17 18 14 18 15 18 12 11 8 14 19 17 13 15 18 13 7 12 14 15 12 8 10 22 14 14 16 10 7 11 4 13 9 10 17 10 14 4 7 12 9 6 10 15 18 6
0 1001 529 380 258 212 165 130 97 116 91 90 71 72 75 66 47 52 66 52 54 48 52 38 42 41 35 34 38 43 31 20 32 33 24 21 19 28 23 30 17 28 13 23 26 25 22 12 20 21 19 15 11 12 16 20 18 16 16 12 14 15 9 14 12 14 14 8 11 12 24 17 13 10 13 12 12 8 12 11 15 13 24 19 14 4 5 7 11 6 9 9 9 10 12 4 10 6 12 11 3
0 1048 486 334 239 196 198 156 112 114 96 80 80 57 64 82 66 52 50 57 50 37 52 48 42 34 27 32 31 28 26 34 24 31 37 23 19 31 16 23 23 16 22 12 20 23 20 13 22 22 10 11 12 15 8 19 13 12 15 12 19 17 9 12 11 12 16 24 15 12 12 10 18 9 12 12 9 13 10 9 15 12 11 14 5 22 9 18 13 11 8 10 16 9 11 6 14 16 11 7 5
0 1008 488 312 273 200 173 142 135 99 78 94 58 80 65 60 49 53 34 43 49 46 45 51 49 29 34 38 32 41 21 28 33 25 34 23 23 27 25 25 17 27 27 19 19 26 19 21 24 31 11 22 20 18 16 7 20 13 15 25 10 12 6 18 12 16 14 15 15 13 11 13 12 9 14 13 6 10 12 11 11 19 5 11 13 14 8 8 7 20 12 9 8 9 7 3 14 17 7 18 12
