# 4Nmu(intron total length)=2963.2000000000003 distribution=fixed Ns=-1.0 n=100 Neutral folded SFS
0 3025 1509 924 778 673 563 432 378 341 295 280 264 243 250 205 195 187 163 185 160 144 136 142 110 151 143 144 136 123 113 115 133 100 113 126 94 80 100 78 93 101 116 94 56 75 84 78 96 89 75 75 58 80 51 70 67 85 67 58 53 79 49 52 65 72 63 60 49 49 68 52 67 30 54 60 52 60 46 78 43 79 49 58 45 69 61 49 50 50 47 54 59 36 40 48 43 44 58 58 19
0 2980 1464 1028 728 583 474 455 374 340 300 230 275 267 232 176 194 190 172 158 182 172 128 150 142 144 123 120 112 83 123 123 99 85 82 92 112 81 87 92 76 83 67 88 99 84 100 81 72 63 86 70 61 79 63 79 48 67 85 64 67 77 58 44 71 78 77 50 75 53 59 67 49 73 67 60 51 51 56 59 46 79 67 51 42 62 46 67 68 44 61 72 50 66 66 54 62 59 72 63 24
0 2983 1516 1014 791 617 548 458 385 322 310 235 279 234 193 206 196 193 197 195 155 173 131 155 160 96 133 119 128 109 103 102 103 114 98 101 110 119 76 82 84 84 80 78 67 91 85 66 81 72 71 75 66 45 67 77 61 61 62 73 63 67 50 63 59 52 63 72 57 54 65 61 41 48 70 79 69 78 54 55 55 73 56 53 47 64 51 53 52 51 61 63 48 52 58 44 41 51 51 46 19
0 2917 1526 1006 694 633 493 414 399 342 345 255 250 217 258 223 239 179 172 174 160 166 149 158 163 112 139 137 109 127 145 105 114 101 99 92 88 103 106 96 103 93 85 81 93 75 66 105 83 87 77 81 83 60 64 65 59 74 64 69 66 54 54 56 65 74 41 65 55 42 76 61 44 51 44 31 58 46 53 50 41 49 43 60 65 53 50 58 52 37 43 58 45 64 50 56 36 69 48 49 19
0 3011 1552 1028 728 652 529 397 368 321 293 289 265 246 237 187 180 172 217 184 151 131 123 147 138 94 125 100 108 107 95 116 103 95 95 117 87 99 94 82 81 91 94 71 94 86 87 61 63 73 72 78 79 67 69 77 73 73 72 67 82 67 83 66 45 70 70 58 52 61 49 67 53 64 54 60 55 77 58 52 41 65 80 59 79 39 51 52 55 70 39 49 62 54 53 58 71 45 35 40 20
0 2984 1535 942 732 575 510 425 387 383 320 280 256 234 216 234 201 156 185 173 184 180 136 177 148 112 127 94 103 116 112 111 122 88 94 83 119 90 76 97 105 82 75 88 88 84 85 90 81 57 44 83 67 76 57 75 71 63 64 62 77 68 61 56 46 43 76 60 70 54 52 43 65 60 58 66 51 39 49 61 68 38 47 45 77 45 67 55 68 47 37 48 63 48 53 42 47 58 39 36 20
0 3042 1512 1037 737 625 508 452 394 294 302 309 254 241 265 213 180 189 180 164 181 176 158 162 144 125 115 100 104 126 130 89 95 93 88 99 83 104 92 78 86 72 86 84 77 87 64 80 81 75 57 64 81 62 77 83 69 59 75 80 68 63 64 63 72 67 80 69 64 79 51 65 60 58 63 69 54 66 74 66 56 78 61 59 58 65 61 51 44 46 62 62 62 43 62 34 42 75 47 65 37
0 3045 1512 965 710 657 473 436 390 378 278 270 234 228 211 220 185 191 191 142 164 134 148 129 162 157 137 123 129 103 122 108 101 98 97 64 102 83 96 76 119 80 86 83 99 85 92 97 77 66 70 58 98 76 62 70 99 62 80 64 96 53 67 46 80 37 58 67 79 59 51 68 60 56 68 66 47 54 60 45 54 50 42 49 61 50 59 64 44 57 57 48 62 59 58 49 48 37 45 57 33
0 2976 1455 946 744 605 547 396 366 329 282 278 267 256 237 204 195 187 168 168 161 180 185 157 153 112 131 113 142 99 97 113 97 100 101 79 97 82 93 101 84 93 80 88 88 77 71 95 50 81 70 61 75 70 60 72 87 72 79 60 67 65 61 56 73 49 55 50 66 76 62 56 63 53 48 53 63 35 50 69 52 67 61 61 63 45 58 47 55 54 65 49 54 40 43 61 48 71 60 62 21
0 2996 1480 971 748 622 484 447 397 307 294 285 275 223 186 220 165 213 220 148 151 148 181 160 132 138 120 148 114 110 128 116 128 93 85 123 97 75 73 88 112 86 104 76 88 68 78 86 74 85 73 62 69 58 63 73 71 47 73 63 54 90 53 52 53 54 65 45 58 63 72 56 56 63 45 63 65 61 53 67 39 59 53 62 46 53 51 50 64 51 51 48 47 65 61 57 39 55 58 38 24
0 3031 1476 953 816 590 525 481 416 339 287 259 269 239 247 201 178 223 188 176 158 115 137 140 147 149 139 114 85 141 111 100 130 111 98 127 85 105 84 86 105 71 63 95 78 85 85 59 88 85 50 79 95 68 69 66 72 76 76 69 69 49 57 60 62 59 36 55 42 74 67 52 69 59 68 56 49 63 71 64 61 56 56 58 42 50 49 60 32 37 61 59 51 64 60 68 57 58 57 53 32
0 3036 1444 969 673 571 527 440 364 330 301 255 253 265 217 171 174 213 184 176 176 160 125 168 159 119 135 121 123 91 92 111 123 115 98 108 86 75 91 83 107 100 86 90 71 88 88 78 92 63 68 74 93 78 63 53 71 68 62 56 64 48 59 65 53 54 58 52 64 59 77 61 54 60 57 47 59 46 55 44 60 73 42 65 72 57 59 78 49 51 63 69 69 58 59 49 43 46 36 55 25
0 3069 1429 1007 702 574 502 381 404 329 340 328 291 234 227 220 175 189 172 171 177 178 159 178 149 139 134 126 142 120 138 92 119 117 112 117 108 74 106 99 95 79 80 85 70 68 60 79 84 87 80 74 80 51 82 66 68 79 58 79 55 60 59 84 66 71 67 72 69 68 57 68 52 59 53 72 65 53 51 45 62 51 58 53 48 53 62 59 61 54 48 74 54 69 54 45 52 61 43 49 27
0 3028 1558 1022 784 582 555 409 365 328 306 305 258 239 253 220 178 179 181 140 147 151 167 155 142 129 110 102 118 91 109 121 124 106 85 79 97 113 69 93 94 78 86 89 62 74 65 64 75 73 59 76 69 81 49 65 77 74 70 58 65 52 53 65 41 65 58 59 59 49 66 71 60 86 58 44 54 72 58 49 71 48 68 65 56 67 61 55 63 68 53 47 56 61 53 63 49 49 46 43 27
0 2989 1420 967 734 586 510 443 409 322 335 278 282 272 214 249 197 212 175 182 154 174 148 127 101 132 92 121 112 129 136 111 119 121 103 73 82 87 97 73 84 74 88 64 83 81 91 71 65 95 67 82 63 76 83 59 83 71 74 62 41 61 65 58 95 85 79 59 72 51 65 81 53 55 65 56 65 64 61 68 45 53 45 61 56 44 50 64 64 66 57 62 70 64 44 63 77 50 45 51 19
0 2987 1438 941 777 603 503 428 428 377 316 248 278 267 217 170 230 178 174 177 166 145 143 160 140 126 130 148 109 111 129 108 106 91 82 121 94 89 99 131 86 61 78 122 89 79 70 75 73 67 86 85 66 81 86 64 50 54 75 85 69 52 48 88 51 70 81 77 58 56 88 66 53 53 59 62 58 68 51 46 55 59 55 55 29 46 54 79 70 41 51 46 42 56 45 41 45 65 33 58 27
0 3007 1506 1012 784 611 494 466 388 358 328 268 224 236 243 237 226 199 132 148 127 130 136 118 134 127 129 104 108 119 96 101 120 92 127 112 66 79 97 74 82 96 74 79 88 89 90 58 84 96 83 53 58 79 83 65 82 69 64 66 44 72 48 61 64 80 52 75 90 60 60 67 57 56 68 70 57 59 49 65 57 47 56 54 46 75 56 58 47 48 51 54 74 45 73 60 55 71 37 64 30
0 2996 1420 965 741 624 497 368 436 350 285 303 236 247 230 195 173 229 200 198 184 158 174 147 119 126 114 109 106 114 97 124 119 108 111 95 83 96 86 92 91 89 89 90 69 67 73 65 92 84 69 79 66 78 77 74 98 77 65 61 80 66 64 73 45 49 63 63 47 40 39 88 54 41 66 56 60 58 53 49 53 52 38 61 55 44 53 49 65 59 57 52 57 45 63 46 37 67 49 60 29
0 2940 1498 973 767 599 580 459 424 321 356 282 274 212 215 203 219 173 184 187 144 157 134 162 145 119 129 99 138 96 101 104 104 90 120 96 109 84 95 83 93 97 102 98 65 101 78 78 80 87 61 65 72 57 57 55 64 60 85 62 70 56 66 62 73 64 67 64 65 70 63 51 55 51 71 75 71 69 60 62 49 54 63 63 47 58 52 70 44 49 54 61 76 52 45 61 52 56 51 59 35
0 2960 1498 1010 689 678 549 446 411 349 284 299 254 205 236 229 174 194 187 181 144 130 130 168 134 121 128 111 99 106 121 106 113 95 91 105 111 103 115 102 103 93 80 96 75 109 73 95 73 67 75 68 82 63 76 70 61 63 81 64 46 49 63 54 39 46 51 76 71 59 66 61 95 47 59 74 67 56 69 58 80 58 67 78 57 52 79 65 50 44 57 48 46 61 53 59 47 69 59 62 25
