# 4Nmu(intron total length)=2963.2000000000003 distribution=fixed Ns=-5.0 n=100 Neutral folded SFS
0 2990 1453 961 735 583 476 418 384 283 299 270 274 244 229 186 202 148 195 183 151 166 139 137 123 143 136 130 90 93 104 85 84 111 94 94 76 81 87 86 78 87 70 90 77 63 92 78 62 67 71 59 72 58 48 68 63 57 64 60 62 54 42 66 48 43 59 55 41 44 47 64 64 54 51 43 59 43 53 54 38 50 45 43 31 55 68 45 38 47 54 51 42 53 47 39 54 32 31 40 13
0 3003 1435 1022 698 601 537 410 417 315 293 274 260 231 202 212 177 171 184 175 175 165 179 144 133 111 145 126 122 88 103 87 98 85 90 70 73 65 62 91 87 77 85 80 73 82 64 66 58 61 72 47 73 53 66 57 76 82 80 62 63 57 68 53 47 54 54 44 48 70 35 45 60 39 53 30 53 57 48 55 46 55 62 40 56 43 56 59 70 42 42 63 53 49 57 50 54 60 51 44 15
0 2933 1552 1015 700 573 512 412 360 306 280 260 250 252 186 230 189 172 155 154 127 173 131 136 136 107 104 98 104 109 100 88 101 99 96 66 85 94 96 70 72 65 83 95 80 73 98 88 51 70 66 54 60 48 56 60 76 70 61 65 53 54 57 57 53 45 74 42 51 58 61 57 47 52 67 54 53 57 57 43 59 33 52 75 54 63 61 62 68 55 48 38 51 56 60 58 49 47 61 47 25
0 2968 1370 1023 735 610 491 420 385 368 308 259 235 200 222 207 176 160 144 168 170 133 137 125 127 114 117 127 116 129 95 102 88 80 82 88 97 95 89 81 65 67 74 64 68 75 60 76 72 75 55 74 68 67 48 63 61 71 59 57 46 47 55 66 74 58 72 69 64 70 50 33 55 55 55 41 48 53 51 42 58 59 50 57 44 38 51 47 66 63 53 51 52 47 55 51 46 65 50 53 34
0 2990 1506 1009 779 574 498 457 396 369 258 242 262 233 239 181 170 189 168 159 162 183 136 122 126 105 118 115 141 88 108 108 106 117 102 70 80 85 78 81 73 78 85 65 69 58 79 75 60 58 68 46 77 56 55 55 53 72 69 43 43 45 42 65 64 57 54 66 51 53 50 74 48 36 74 53 36 58 61 87 47 51 56 66 71 41 54 53 57 52 54 29 38 57 56 63 65 51 49 38 24
0 2900 1525 1047 737 597 510 415 381 351 293 249 275 233 226 201 167 166 154 151 139 165 140 117 120 113 116 112 103 93 84 100 86 92 87 75 100 92 91 85 80 75 95 78 89 79 78 75 72 90 74 64 50 44 48 65 57 54 71 33 61 43 53 70 62 53 51 45 58 48 62 58 63 52 60 68 64 50 63 43 50 65 49 59 43 43 52 65 59 61 50 55 52 64 41 43 47 64 63 71 25
0 2974 1442 1017 713 545 489 442 377 344 290 258 249 244 256 207 195 189 173 174 170 175 138 149 127 139 128 100 114 94 101 80 90 93 138 88 87 79 62 88 66 92 80 80 66 72 64 69 75 70 46 60 62 72 71 64 55 56 53 60 63 61 48 53 64 51 45 51 45 54 82 59 48 67 59 58 64 59 65 52 48 36 45 43 43 44 56 51 54 40 46 56 46 51 50 45 47 47 59 54 40
0 3055 1470 1043 742 556 474 411 363 379 254 249 256 235 199 174 175 163 156 172 147 147 135 142 143 109 121 137 128 106 93 109 102 101 96 107 89 76 66 68 83 78 62 105 76 63 67 54 86 68 85 67 65 53 93 53 51 63 65 58 71 67 51 49 66 47 62 58 58 57 57 56 57 51 63 74 55 56 60 50 47 46 56 58 37 59 53 43 64 66 39 53 56 46 40 49 55 42 44 57 20
0 3046 1542 975 754 608 507 408 359 361 325 285 258 228 226 223 177 197 139 199 127 140 142 127 118 105 129 94 117 122 108 138 100 88 98 85 97 79 88 87 83 82 77 82 84 89 74 68 59 56 101 58 60 56 62 84 74 59 69 64 51 66 47 56 57 83 55 38 46 64 43 64 43 41 44 45 53 56 61 74 61 50 57 47 43 58 35 40 55 34 55 41 34 29 48 52 47 45 55 44 30
0 3043 1482 983 749 653 549 429 389 326 290 263 272 262 215 221 176 195 158 149 170 156 133 141 121 134 123 97 137 114 97 112 111 98 107 92 108 83 73 108 80 91 89 77 86 63 61 73 61 68 65 73 60 46 61 75 45 57 54 42 48 39 55 45 78 69 61 47 45 62 60 51 52 59 54 54 50 50 44 57 38 54 31 58 51 58 64 56 54 56 54 57 36 52 52 35 43 49 47 53 25
0 2999 1539 997 748 590 457 418 343 340 272 294 292 229 230 190 162 156 156 144 158 193 111 122 132 111 116 117 95 110 79 74 102 112 90 92 87 110 107 78 68 86 70 70 89 80 74 88 65 76 71 67 59 71 85 57 71 59 76 61 55 69 70 38 43 57 42 57 40 37 53 60 49 46 51 61 55 25 54 53 35 53 39 44 51 47 47 46 27 64 33 55 38 32 41 50 51 35 47 40 26
0 2931 1466 981 732 598 501 473 425 352 285 311 270 242 233 193 182 177 161 171 187 140 136 126 128 125 128 107 128 108 121 113 103 74 94 94 83 87 89 84 77 65 70 82 75 69 58 77 80 71 67 56 76 70 58 49 60 54 80 81 45 57 57 65 87 47 53 73 56 47 56 57 57 52 42 62 49 49 33 48 54 53 63 66 52 43 46 45 46 48 63 41 44 70 56 55 33 46 51 46 18
0 2900 1491 1011 759 635 522 375 394 338 306 270 250 209 235 197 165 172 163 141 144 115 115 120 123 118 147 129 122 89 91 112 105 95 89 112 104 119 75 64 69 81 72 79 68 84 69 77 49 59 63 60 52 58 57 68 49 61 52 72 65 83 44 61 58 58 56 55 55 45 53 52 46 66 50 52 50 52 45 52 42 34 50 60 50 56 48 48 60 35 46 54 48 41 31 48 40 42 44 56 28
0 3045 1511 966 693 607 500 475 395 344 249 238 241 206 220 219 185 179 170 183 145 161 127 141 115 128 102 109 104 106 96 89 108 86 105 106 106 86 66 84 96 84 70 74 78 75 84 87 77 83 67 76 72 60 61 71 64 60 65 65 67 88 50 51 49 61 54 46 59 52 50 47 49 62 48 58 62 53 51 44 52 64 46 55 53 51 57 68 43 51 58 44 40 40 53 50 54 70 61 52 23
0 2970 1486 1065 778 627 487 422 368 318 280 291 229 245 232 271 195 161 173 171 137 127 154 116 131 135 119 102 94 101 86 99 82 110 77 103 76 67 57 88 91 112 89 68 78 63 78 58 51 93 69 68 69 83 87 70 79 63 81 77 64 58 81 68 78 50 55 47 38 65 48 64 48 39 51 60 64 37 63 42 55 41 57 60 59 46 54 41 59 65 48 56 48 42 40 38 52 64 48 58 20
0 2984 1532 1072 729 660 492 405 398 342 260 277 262 237 237 226 176 176 182 159 143 140 135 137 112 112 90 113 92 109 114 118 92 86 69 97 101 99 110 93 81 79 90 58 74 50 76 77 81 105 64 84 78 84 62 71 67 73 60 59 79 54 62 63 50 73 73 43 37 54 65 43 56 71 59 48 71 58 43 54 47 40 32 54 37 32 35 45 46 26 38 39 38 51 43 55 66 36 38 35 18
0 3044 1391 961 774 632 511 423 363 351 309 275 241 251 209 209 203 171 176 151 147 168 141 114 134 113 102 131 116 89 109 105 106 99 103 120 98 61 81 75 100 81 94 93 69 86 74 73 65 60 62 61 63 57 75 62 59 53 62 68 60 52 60 66 49 47 64 53 60 72 65 58 64 60 50 49 46 48 49 58 50 67 59 45 49 44 32 51 43 36 69 43 48 54 41 58 54 56 47 39 26
0 2927 1516 1039 741 619 510 432 423 340 252 223 251 228 202 201 210 185 188 156 140 168 141 119 118 114 90 134 92 122 101 85 126 89 107 92 93 91 95 100 89 71 63 78 85 67 75 57 95 69 50 73 71 57 45 56 73 73 54 51 65 68 41 64 53 47 50 67 68 43 46 54 60 56 50 45 54 36 51 58 60 52 44 45 64 49 40 53 49 54 55 58 48 39 41 56 46 46 37 34 38
0 3035 1441 988 766 592 474 402 410 338 317 271 229 235 186 204 231 182 180 159 156 126 166 155 115 100 102 110 111 88 115 95 89 95 108 100 91 98 91 65 60 77 96 64 84 75 90 60 69 74 94 55 68 69 39 70 53 46 43 55 63 57 74 57 63 45 58 57 65 52 45 59 58 55 58 47 53 49 67 49 30 50 56 62 51 55 44 42 45 55 42 51 48 49 53 57 57 50 70 66 26
0 3061 1481 1043 666 567 503 458 383 307 300 266 243 255 201 233 167 176 135 167 158 171 134 161 124 87 114 120 124 120 98 98 88 102 97 96 82 81 78 47 66 85 77 61 82 67 76 64 58 64 81 72 87 87 61 58 63 72 71 51 61 52 55 55 60 45 57 53 76 50 37 42 58 67 46 68 59 61 56 52 50 61 54 41 79 39 69 44 46 42 51 41 74 44 49 41 41 29 46 52 27
