# 4Nmu(exon total length)=1036.8 distribution=fixed Ns=-5.0  n=100 Selected folded SFS
0 1001 478 312 209 184 120 116 69 86 62 76 49 49 34 41 30 32 30 26 21 30 9 19 17 19 9 8 15 10 7 7 9 9 10 7 6 8 7 1 1 7 5 5 1 4 3 3 7 2 2 4 3 5 1 1 0 2 1 0 1 1 3 1 1 0 0 0 0 1 2 1 0 0 0 0 0 1 1 0 0 0 1 1 0 0 0 0 0 0 1 0 0 0 0 1 0 0 1 1 0
0 1012 458 279 227 151 137 106 64 100 54 58 45 50 36 33 39 29 35 15 29 19 20 16 14 13 12 11 13 13 12 11 6 5 8 3 9 3 8 6 5 4 3 6 2 4 4 2 3 0 1 4 2 2 1 3 4 1 0 1 1 1 2 2 1 1 0 0 2 2 0 3 2 1 1 1 1 1 0 1 0 0 1 1 0 2 0 1 0 2 2 0 0 0 1 1 0 0 0 0 0
0 1037 478 315 215 169 149 118 94 72 69 62 67 33 44 36 38 27 26 27 33 20 13 18 8 20 16 13 7 9 4 6 17 7 9 6 7 5 5 4 8 4 3 5 2 2 2 4 2 3 2 4 2 5 4 5 1 2 3 2 1 0 0 0 1 1 1 1 0 2 0 0 1 0 0 4 1 0 0 1 3 1 0 1 1 0 0 1 0 1 1 0 0 1 1 0 0 1 1 2 0
0 1028 510 292 231 162 130 110 89 81 68 60 67 50 39 35 26 27 27 30 23 27 19 18 11 7 9 13 17 5 13 5 11 8 4 10 9 6 7 5 6 6 2 0 4 1 3 4 3 0 4 1 1 1 2 1 3 3 0 2 1 1 1 0 1 0 1 2 1 0 2 3 1 0 0 0 1 0 0 0 1 1 0 0 1 0 1 1 1 0 0 1 0 0 0 1 1 1 1 1 0
0 1020 468 321 217 153 126 121 99 65 49 36 55 43 46 37 40 31 28 28 25 21 19 23 12 15 14 9 14 8 19 8 6 3 13 9 4 3 7 2 5 4 5 3 2 1 2 6 2 3 3 2 4 1 0 4 1 6 3 3 2 1 2 2 0 0 1 0 0 1 1 1 1 1 1 1 1 1 0 0 2 1 1 2 0 0 0 0 1 0 1 2 1 0 0 1 0 0 0 0 0
0 1050 450 329 215 162 113 123 97 75 67 67 47 49 36 35 32 30 25 24 20 23 19 10 10 19 19 9 14 11 7 9 10 2 8 8 9 5 11 5 8 4 4 2 3 3 1 0 1 3 2 2 1 1 3 1 0 0 0 2 1 2 1 1 3 2 1 1 0 2 0 0 0 0 0 0 0 1 0 0 1 0 0 1 0 0 1 0 1 0 0 0 1 0 0 0 1 0 0 0 0
0 1028 436 308 226 172 140 106 84 72 56 55 54 55 38 42 21 34 23 27 24 15 18 16 13 8 17 9 12 9 9 11 11 11 5 3 9 6 6 3 4 5 7 5 6 3 2 5 3 2 4 2 6 1 2 1 2 0 1 1 0 1 3 1 1 2 1 1 1 3 0 0 0 2 1 0 1 0 0 0 0 1 0 0 0 0 0 0 1 4 1 0 0 0 0 1 0 1 1 0 1
0 994 488 316 233 155 117 113 71 72 62 46 44 47 23 28 33 31 22 27 23 22 11 14 16 16 8 8 9 4 9 5 12 10 8 3 5 5 8 1 7 9 8 3 5 3 3 3 3 1 3 4 3 3 3 1 1 0 1 0 1 2 3 0 1 1 6 1 0 1 1 0 0 1 0 0 3 0 0 1 1 0 1 0 3 1 0 0 1 3 0 0 0 0 0 0 2 0 0 0 0
0 1035 476 301 226 191 139 101 77 74 72 43 44 49 37 25 31 32 27 19 28 27 25 16 13 14 16 17 17 8 6 7 10 12 9 5 4 1 5 10 4 5 1 5 12 4 2 5 4 2 6 4 1 1 1 0 1 0 5 1 0 4 1 3 2 2 1 3 0 0 1 1 2 0 1 1 0 0 0 0 0 3 0 0 2 0 1 2 0 0 0 1 0 1 0 0 0 1 0 1 0
0 995 496 315 238 190 132 123 91 71 79 55 55 38 49 31 29 30 32 26 24 27 25 24 16 10 11 7 14 13 7 6 4 4 5 8 6 7 3 6 3 5 4 3 4 5 3 1 2 2 2 1 2 0 2 2 3 1 4 3 0 1 2 0 1 1 2 0 2 5 0 1 1 0 3 1 0 1 0 1 1 0 2 0 0 0 0 1 0 2 0 0 0 2 2 0 1 0 2 0 0
0 1036 459 313 235 188 135 96 90 75 74 59 42 43 36 30 31 25 35 21 24 29 15 12 12 13 10 17 9 10 9 10 7 8 6 9 6 7 2 6 4 7 4 4 3 3 5 4 1 5 5 4 4 2 1 1 0 3 4 2 2 3 0 0 2 1 2 0 2 1 2 1 1 1 1 1 1 0 0 0 1 0 0 0 0 2 1 2 0 0 1 0 2 0 2 0 0 0 0 0 0
0 1057 445 291 231 163 139 112 77 74 66 61 52 55 34 32 32 28 26 23 16 23 19 20 14 9 16 16 13 19 10 10 5 5 6 6 9 7 5 1 3 5 7 5 7 3 3 1 2 0 2 3 0 4 1 2 1 0 4 0 1 1 1 1 0 0 2 0 1 0 1 0 0 0 1 0 0 2 1 0 0 0 0 0 1 0 1 1 1 0 0 0 1 0 0 0 1 0 1 0 0
0 1027 455 300 208 158 130 114 93 77 65 71 54 54 36 31 28 22 20 25 27 17 14 24 17 15 15 11 10 7 8 6 10 9 8 8 6 8 5 5 4 8 1 0 4 6 4 4 2 1 6 0 0 1 0 1 1 1 4 1 1 2 2 2 1 0 2 0 1 0 0 1 2 4 2 2 0 0 2 1 1 1 0 1 1 0 1 1 0 0 0 0 1 1 1 0 1 0 0 1 0
0 947 511 291 218 195 140 98 85 76 63 67 42 43 43 44 29 34 34 38 28 17 22 22 11 14 10 9 12 8 10 13 11 9 8 8 8 7 7 2 4 4 8 5 2 2 5 4 2 1 2 0 2 0 1 4 5 5 3 2 1 3 2 0 0 0 1 0 2 3 2 0 0 1 0 0 0 1 1 2 1 0 3 0 1 2 1 1 0 0 0 0 1 0 0 0 2 0 0 2 1
0 1024 478 308 196 153 135 101 89 72 61 78 56 47 53 33 41 25 24 26 22 22 16 22 23 21 5 8 15 9 12 10 9 11 6 7 6 6 2 4 5 4 6 4 2 2 3 4 2 5 3 5 4 3 3 3 1 1 1 1 1 1 3 2 1 1 0 0 1 1 0 0 0 1 1 0 0 0 1 1 0 0 1 1 1 0 0 0 0 1 1 0 0 0 0 3 0 0 2 1 0
0 1012 491 301 248 168 131 119 76 76 84 55 52 49 38 46 27 21 25 17 19 19 16 16 16 11 22 7 9 15 13 9 11 15 7 5 8 3 6 4 7 7 3 4 2 0 3 2 4 5 2 2 2 2 2 3 2 2 2 0 3 5 1 1 0 1 1 1 1 1 0 0 1 1 0 1 0 1 1 0 1 1 0 2 1 1 0 1 2 0 1 0 0 0 0 1 0 0 0 0 0
0 963 488 320 201 153 131 94 92 81 49 67 60 49 37 46 30 31 22 15 25 22 17 25 15 11 5 8 9 4 13 9 5 6 6 8 8 5 7 6 4 6 4 1 3 3 1 4 6 3 2 3 4 1 5 3 2 1 1 0 3 5 2 1 1 2 4 2 1 1 0 0 1 1 0 1 0 1 2 1 0 1 1 1 2 0 0 1 2 1 0 1 2 0 0 2 0 0 1 0 0
0 1089 499 308 203 156 132 111 91 62 62 50 60 47 53 45 30 29 23 26 26 15 12 20 17 16 15 13 12 9 10 7 10 8 9 10 7 5 4 5 8 0 6 5 2 1 3 7 3 5 2 2 3 2 1 2 2 3 0 1 3 1 2 2 1 0 2 1 0 3 2 1 0 0 1 0 3 0 0 0 0 0 0 0 3 0 1 1 0 0 1 1 2 0 0 1 0 1 2 0 0
0 950 478 302 228 169 136 115 85 68 55 47 60 50 32 43 43 28 24 23 23 18 19 10 12 14 10 10 9 13 6 10 8 5 3 8 8 10 7 4 7 5 5 7 5 1 2 1 3 0 2 0 0 2 1 3 0 1 0 1 0 3 0 2 2 1 0 1 0 0 3 1 1 0 0 0 0 2 1 0 0 0 0 2 0 0 0 0 2 0 2 1 1 0 1 0 1 0 0 0 0
0 997 474 322 200 169 142 110 104 70 62 71 51 47 46 34 25 29 22 26 15 23 18 14 11 16 11 19 7 10 9 12 10 4 6 3 5 5 8 7 6 2 3 6 5 3 3 4 3 3 2 3 2 3 2 5 1 0 2 5 1 1 1 1 2 1 0 0 2 1 0 2 0 2 1 0 0 1 0 1 0 1 1 0 1 0 0 0 0 1 0 0 1 0 1 0 0 0 1 1 0
