# 4Nmu(intron total length)=2963.2000000000003 distribution=fixed Ns=1.0 n=100 Neutral folded SFS
0 2943 1502 1011 739 602 519 446 391 340 330 315 257 256 257 233 153 239 175 197 178 167 131 138 135 148 125 122 121 112 105 122 119 94 81 103 95 65 87 73 113 83 70 84 60 72 65 73 85 69 71 68 87 85 81 100 65 59 62 46 58 56 62 50 49 59 71 61 59 65 76 53 54 43 47 58 50 53 60 50 75 51 51 45 53 44 57 40 37 40 47 58 42 46 63 49 56 36 48 67 17
0 2889 1449 1013 757 568 496 385 424 364 312 286 248 303 242 227 191 171 161 142 156 138 121 137 94 145 123 114 128 102 103 102 94 101 111 108 100 85 82 85 78 102 85 63 87 84 94 78 70 71 72 49 66 50 59 59 56 66 50 50 71 65 64 69 49 48 48 54 58 69 54 54 54 58 46 61 50 76 46 49 55 59 49 51 62 41 76 59 58 48 45 48 57 52 49 39 51 56 56 43 19
0 3006 1547 986 784 665 509 407 353 331 307 241 270 247 204 212 170 214 180 171 167 151 155 171 138 130 132 102 127 117 114 89 108 84 96 87 91 99 77 84 75 76 79 83 74 83 109 71 93 63 61 59 83 80 68 57 67 62 72 61 72 62 56 63 51 54 44 40 43 45 42 40 54 43 70 60 53 44 41 46 42 48 60 45 60 58 54 67 32 46 40 39 52 52 44 57 40 53 48 61 28
0 2975 1512 991 746 659 556 428 347 353 313 304 264 234 235 192 213 173 157 191 174 151 156 147 105 140 140 108 106 122 86 99 104 98 117 81 89 74 93 69 80 68 47 76 94 70 76 79 68 71 76 111 70 48 72 54 64 69 77 55 61 49 66 52 46 59 46 67 58 43 65 56 47 73 50 31 61 36 48 60 44 52 46 58 42 60 38 41 60 44 36 37 45 64 46 53 49 41 45 47 29
0 3040 1496 987 743 554 494 468 380 348 293 263 265 266 229 203 195 200 170 152 161 119 141 111 136 116 111 112 137 109 104 93 107 86 92 111 101 115 84 102 81 98 87 88 79 65 91 55 82 64 77 68 73 64 61 67 65 61 44 69 55 74 68 53 82 58 64 59 62 54 73 67 39 57 62 41 61 62 57 50 46 63 66 56 41 64 45 46 49 45 36 50 56 67 52 62 50 36 52 69 21
0 2958 1530 1067 796 598 535 430 395 306 316 286 256 241 206 215 169 217 180 160 177 154 157 129 143 121 114 130 97 121 114 122 110 108 107 128 78 97 75 64 105 85 81 79 78 73 76 82 73 60 54 67 66 85 64 62 75 58 68 59 50 71 55 48 56 79 74 40 69 76 54 54 65 69 54 59 52 50 43 57 38 34 54 61 74 56 54 34 26 53 47 51 35 55 45 54 50 47 47 57 25
0 2910 1470 1005 759 574 525 376 364 337 283 276 260 241 226 186 193 210 150 177 152 151 159 116 144 129 107 127 122 100 121 105 125 93 97 99 75 109 93 78 104 83 80 74 53 72 69 59 76 74 76 67 69 66 80 71 68 64 96 73 77 48 58 63 55 52 70 69 67 63 61 90 55 79 61 65 60 62 44 61 67 55 58 70 45 52 66 65 59 63 48 41 62 59 48 45 69 43 65 54 30
0 2999 1476 981 766 581 509 451 392 365 312 280 228 233 216 236 215 189 193 206 119 153 148 120 126 118 123 104 108 96 111 86 110 85 83 97 111 97 96 88 66 79 99 80 68 87 84 75 78 92 70 49 71 61 68 84 86 83 72 58 57 68 57 98 59 50 58 61 71 61 70 40 52 59 59 41 48 45 43 41 49 63 39 53 67 41 41 48 46 54 58 59 51 56 54 51 43 45 52 52 26
0 2989 1477 1056 765 566 521 416 398 312 294 265 261 247 215 237 208 196 192 189 163 176 115 144 133 152 128 120 160 120 117 108 110 92 109 100 82 106 99 97 79 96 95 85 68 75 75 87 61 66 83 80 90 61 79 60 68 73 69 55 76 51 80 45 70 77 59 74 46 61 53 44 46 50 62 51 63 49 34 63 43 47 60 68 49 38 44 42 44 54 36 44 36 58 38 50 41 52 46 71 33
0 3091 1495 978 817 555 508 472 387 301 285 304 240 262 224 173 186 162 176 132 155 139 151 140 140 126 130 150 100 100 110 106 109 80 100 94 87 92 100 108 111 100 60 107 90 82 85 70 83 92 83 75 79 58 58 67 61 79 51 57 47 54 51 63 52 65 50 68 60 43 55 39 49 56 44 64 60 57 65 69 53 49 49 58 59 78 60 42 78 37 37 55 68 46 40 40 51 49 42 51 38
0 3049 1468 933 796 629 515 462 383 381 312 250 252 231 185 238 213 233 197 151 151 143 136 140 145 129 131 118 120 120 120 96 94 76 105 89 96 93 79 78 66 71 61 71 88 68 72 84 87 106 87 92 83 62 70 76 77 83 80 69 79 61 64 79 74 57 57 65 74 58 64 62 54 50 46 47 59 68 58 60 73 62 48 50 47 60 52 63 92 65 44 48 50 57 53 56 46 48 57 56 32
0 3126 1418 1024 718 623 513 448 403 379 324 299 255 231 224 232 238 175 156 174 125 160 169 141 129 127 124 117 110 114 106 88 99 96 110 96 99 101 99 106 90 76 82 87 81 86 78 70 82 73 74 64 78 54 72 59 51 68 58 55 57 65 80 66 63 55 48 48 68 92 50 62 53 41 53 53 33 50 48 70 55 45 51 61 43 56 46 55 47 39 54 38 57 40 64 58 40 51 51 68 24
0 3013 1522 980 712 635 505 432 405 350 273 297 273 224 205 198 195 162 208 136 141 160 109 130 142 109 110 104 109 105 113 105 94 89 88 64 90 110 93 97 81 84 86 68 62 77 80 89 57 80 103 64 67 83 70 63 65 52 54 57 73 67 55 70 54 55 69 74 74 72 66 73 56 63 53 60 58 33 65 56 43 62 62 70 54 50 44 65 47 61 51 66 64 41 49 35 37 39 40 60 24
0 3069 1446 913 781 646 528 458 384 310 282 306 250 218 210 216 203 157 178 160 166 141 174 116 129 151 111 112 116 112 104 140 139 94 78 72 95 89 90 90 98 81 85 85 68 68 51 81 111 89 60 60 64 90 68 55 54 43 59 52 61 63 65 65 56 74 51 68 65 47 52 55 54 60 44 69 36 48 58 44 63 62 48 59 44 49 68 57 50 36 51 59 60 31 41 82 39 65 59 47 31
0 3047 1429 1007 799 594 504 435 336 318 306 257 268 215 228 253 227 188 153 155 178 151 160 136 123 130 113 111 100 129 105 96 93 90 95 124 82 103 98 105 105 73 90 76 94 69 91 76 78 84 64 80 58 62 74 72 64 76 90 51 56 68 51 79 59 69 75 62 69 51 58 42 47 46 52 60 49 43 38 60 41 37 59 43 46 25 41 51 55 50 59 48 54 48 49 52 32 58 43 55 31
0 2977 1513 1000 751 602 496 448 368 344 304 311 277 227 197 185 194 203 191 166 141 126 136 133 133 133 129 144 110 131 106 108 96 99 87 90 94 82 86 89 82 69 72 76 70 65 64 87 69 79 62 49 85 59 60 49 62 56 72 76 85 80 48 54 54 55 60 47 48 60 49 46 52 58 45 37 53 44 51 50 35 48 37 55 54 45 62 64 52 51 60 58 46 33 50 65 42 59 55 68 19
0 2930 1498 1027 811 608 459 504 373 320 332 351 246 256 209 203 201 190 140 179 136 135 146 147 125 137 127 134 137 129 128 103 99 93 114 121 83 105 75 75 109 84 73 92 79 78 70 69 68 76 76 72 70 80 77 85 74 78 63 83 55 44 49 71 66 41 67 64 62 50 71 60 42 42 43 57 68 57 58 64 50 41 58 62 44 50 60 48 71 66 48 61 54 76 49 48 42 64 42 58 28
0 2911 1540 1042 804 628 513 460 379 336 263 252 273 253 232 240 188 176 147 177 177 143 155 136 145 140 103 129 135 104 103 115 94 114 84 88 98 76 87 89 73 86 80 84 68 43 58 71 76 76 85 72 65 53 71 63 67 67 66 60 42 55 54 48 88 60 64 57 46 57 52 59 50 53 52 58 47 49 53 65 70 52 40 43 61 52 58 50 65 43 37 46 37 47 63 42 67 63 68 61 25
0 2909 1490 994 785 563 458 413 419 345 295 274 256 280 229 203 198 208 196 196 163 158 160 152 124 140 132 138 117 75 104 91 92 96 82 100 107 101 79 101 84 79 90 101 73 94 87 91 70 67 47 72 63 87 67 80 81 83 80 50 68 53 59 63 49 56 58 40 60 61 68 33 68 72 51 53 56 54 41 49 52 55 57 62 45 61 53 68 50 69 43 48 63 53 47 55 46 64 52 44 24
0 2968 1611 998 686 615 507 406 428 298 312 296 303 225 222 209 170 186 147 147 148 150 145 137 135 132 136 116 140 97 102 86 79 98 94 68 109 99 107 82 86 83 97 94 64 80 77 71 85 78 66 69 48 67 57 71 61 65 51 75 53 56 66 64 51 47 68 56 64 55 55 59 49 63 48 76 66 60 37 60 59 42 47 63 42 58 64 39 53 42 46 50 53 70 41 43 58 53 66 49 23
