# 4Nmu(exon total length)=1036.8 distribution=fixed Ns=1.0  n=100 Selected folded SFS
0 1083 536 346 263 219 199 145 161 122 131 102 118 99 94 83 95 95 83 55 59 55 58 73 70 50 54 42 41 55 45 49 58 52 39 46 39 41 37 39 37 63 32 45 42 32 42 36 27 29 34 31 34 40 35 23 29 32 48 33 27 37 26 25 24 25 25 40 23 33 31 21 31 39 25 17 21 20 33 13 28 30 36 25 35 22 18 26 25 32 27 30 25 35 27 20 22 20 29 24 10
0 1018 486 351 306 210 187 164 146 148 102 146 103 105 88 82 61 76 90 67 59 50 50 71 60 60 52 65 43 51 46 47 37 43 30 33 35 59 46 30 33 37 28 24 35 43 38 35 27 38 30 25 27 37 26 22 33 42 35 19 38 36 38 30 27 19 36 30 30 22 32 34 23 33 25 21 23 23 33 25 34 29 22 41 26 25 30 24 30 21 24 27 17 28 36 28 21 17 22 30 23
0 1091 528 370 259 205 214 161 125 113 130 94 98 88 83 89 76 79 71 66 66 52 57 68 54 58 46 46 43 41 55 50 52 49 44 38 44 51 33 35 38 31 36 50 32 34 30 42 33 35 48 33 30 38 30 37 21 39 34 31 33 32 26 31 20 27 32 33 35 21 29 25 28 29 34 26 23 24 27 29 25 20 40 20 30 27 21 23 23 39 28 19 23 21 15 37 23 20 35 28 13
0 1108 548 354 270 201 197 158 113 139 116 92 86 109 113 103 86 80 73 70 61 61 71 53 50 48 48 51 48 36 42 39 36 36 42 41 38 51 64 36 31 47 45 40 26 30 48 41 45 25 25 29 33 26 26 25 28 28 33 29 29 34 35 23 39 45 35 37 27 34 31 17 31 29 25 30 25 20 30 25 11 36 29 34 11 23 20 26 21 25 18 29 23 34 27 23 22 24 33 26 18
0 1084 519 371 246 211 187 170 146 123 113 96 98 110 88 84 76 79 70 58 78 46 72 53 64 71 67 47 63 48 50 52 44 41 42 43 50 34 44 49 44 39 42 25 33 23 44 43 29 35 26 29 47 39 29 43 37 27 34 32 23 27 29 28 22 31 33 28 29 39 40 24 47 27 29 29 15 29 33 22 21 41 22 30 22 33 22 22 36 30 26 20 30 26 24 36 26 28 32 35 11
0 1042 515 364 281 209 164 176 144 136 104 100 98 86 72 73 88 78 95 72 80 38 66 43 66 59 62 59 56 42 55 53 58 56 31 37 42 30 36 36 33 42 49 33 38 34 37 37 19 28 33 43 54 39 31 26 34 33 23 32 30 35 24 34 29 28 28 26 25 30 20 29 34 38 22 23 34 20 15 28 23 34 21 25 22 23 30 19 38 29 21 24 19 20 25 20 19 23 23 28 10
0 1112 534 342 255 208 204 176 114 149 116 107 100 71 81 82 75 57 80 75 60 69 75 55 68 43 67 55 50 62 27 47 45 29 48 49 52 53 40 35 37 30 41 30 34 48 41 34 28 23 45 30 31 35 34 35 23 29 22 22 27 34 47 35 33 28 31 35 26 20 36 29 31 37 27 25 33 23 35 32 46 31 22 37 27 25 31 21 28 24 41 36 23 36 27 15 24 27 30 30 14
0 1093 549 376 266 210 192 146 119 132 119 112 94 102 89 62 74 82 68 66 55 68 57 58 67 63 57 62 41 50 41 54 35 55 45 47 33 49 49 40 31 32 32 34 31 40 34 46 35 30 37 22 33 33 28 23 24 38 29 33 37 37 35 28 24 31 26 37 33 28 33 50 32 35 21 29 25 20 22 23 20 21 21 25 29 34 21 22 30 31 40 23 24 22 23 25 28 24 21 16 8
0 1095 506 413 296 242 191 156 156 111 132 102 97 95 91 80 87 79 73 59 76 53 60 63 80 45 55 44 45 60 50 43 49 51 52 51 51 29 22 28 42 41 38 31 44 41 41 35 34 37 28 36 29 41 36 46 33 25 36 30 20 34 27 30 38 20 36 19 36 14 36 40 19 20 20 24 36 32 25 27 26 14 22 28 21 28 26 29 26 25 28 34 21 25 27 31 22 21 26 25 10
0 1114 508 356 265 205 191 153 151 144 106 121 100 87 93 75 63 78 55 88 64 49 63 47 59 72 50 51 55 42 55 49 49 44 43 54 48 44 50 34 36 36 42 46 40 37 33 33 39 31 25 21 35 40 30 45 39 29 25 23 19 32 31 32 18 27 16 22 29 32 23 38 27 19 18 24 18 20 21 24 19 23 30 11 20 25 29 23 22 33 29 35 33 24 24 26 13 18 42 25 19
0 998 534 352 280 227 198 159 129 120 98 112 89 83 102 73 61 90 81 56 60 59 81 74 76 48 66 55 48 44 52 45 35 60 32 46 43 28 43 37 36 38 33 37 32 39 35 40 36 32 34 44 41 45 40 39 39 27 34 33 31 25 39 33 28 30 32 22 21 37 28 36 26 27 23 39 19 37 31 25 33 32 39 20 22 37 31 29 26 31 28 22 29 29 16 27 35 32 18 29 10
0 1044 496 350 293 197 178 156 139 134 124 114 96 103 97 87 77 75 88 73 55 69 50 88 62 37 52 63 57 43 40 52 43 77 45 33 40 33 41 58 47 30 51 36 40 48 43 45 41 37 36 32 37 27 32 35 33 31 34 40 36 27 43 20 38 28 24 26 22 28 39 18 20 18 22 32 19 20 24 25 28 33 42 21 21 35 23 30 30 27 25 29 24 15 20 27 29 25 16 24 15
0 1071 547 324 278 228 204 144 169 160 131 91 74 91 82 84 78 72 92 50 47 88 59 44 49 51 32 50 44 45 56 49 41 42 44 50 38 32 41 48 32 34 23 41 29 34 41 26 33 33 50 53 25 15 35 30 30 16 38 38 25 39 40 33 37 27 25 22 33 29 23 28 20 40 26 30 30 28 26 31 37 23 30 28 23 27 19 30 20 37 18 26 27 30 22 27 23 25 27 23 10
0 1064 508 382 284 210 225 163 149 107 111 84 101 86 87 80 67 79 74 62 59 64 60 57 68 32 53 48 54 40 35 38 37 49 36 48 33 39 41 24 47 43 55 42 31 32 32 44 31 36 40 30 30 17 24 31 37 32 29 33 35 28 38 34 38 27 28 25 27 15 27 24 30 32 31 36 28 29 11 26 26 18 20 25 23 27 21 18 27 35 25 22 35 19 19 24 23 30 27 34 17
0 1058 551 348 306 206 174 160 145 125 118 111 99 84 97 90 74 71 82 64 70 67 55 48 59 64 58 48 47 47 46 42 45 42 44 42 42 56 36 32 28 29 53 41 37 34 37 45 35 29 33 33 33 40 60 24 42 40 29 22 25 37 36 26 23 30 49 33 50 33 28 18 34 24 26 19 23 22 38 28 31 29 26 20 18 33 33 25 29 18 18 19 18 31 19 29 30 33 30 24 17
0 1060 506 374 275 233 192 134 147 128 77 117 110 102 76 78 82 74 82 71 68 56 62 43 45 61 64 52 62 41 45 50 49 35 49 37 29 49 40 41 44 40 36 30 47 26 43 27 45 33 35 27 38 24 25 31 28 30 31 31 32 23 30 27 21 33 35 26 20 20 22 28 27 28 36 24 25 22 34 29 29 21 28 29 22 29 27 25 28 31 24 26 27 30 18 21 32 29 35 30 6
0 1096 541 372 292 197 176 181 138 145 126 107 122 98 100 76 92 85 63 85 70 79 77 55 53 54 69 45 45 54 49 46 33 43 41 40 34 28 51 34 38 40 32 40 27 35 36 37 25 39 41 30 36 51 26 39 37 23 34 25 39 23 26 43 29 27 41 26 22 31 32 23 29 30 24 29 43 31 38 25 29 27 41 26 26 29 34 27 23 26 29 18 22 22 23 36 18 21 30 32 15
0 1085 543 352 255 224 181 158 135 154 125 94 113 96 86 73 84 91 59 77 70 66 65 73 55 48 46 53 53 50 55 44 55 31 38 41 50 33 38 28 29 30 34 36 36 28 33 35 25 23 36 25 26 27 30 24 25 37 32 30 31 38 30 30 25 20 31 27 27 30 26 33 33 17 41 26 20 28 24 21 33 33 18 19 22 33 19 43 22 36 35 29 31 33 37 26 13 19 23 24 16
0 1094 571 356 244 218 184 175 123 133 134 123 118 106 86 79 59 66 90 65 68 56 62 58 77 55 41 51 46 45 44 47 46 49 44 36 41 41 36 28 43 42 36 38 54 24 41 33 29 34 31 43 37 32 47 23 44 43 35 42 37 30 35 47 27 23 19 34 49 29 26 30 24 28 20 29 27 31 21 29 16 23 39 29 32 30 39 30 30 25 25 39 22 23 33 31 37 23 24 31 10
0 1169 563 327 271 200 185 155 135 121 118 105 87 80 87 92 64 74 76 83 68 64 57 62 56 49 63 35 44 55 59 49 41 41 36 35 38 35 34 34 48 39 39 42 35 35 33 42 34 44 35 31 40 29 41 29 29 23 29 39 34 28 39 29 26 29 33 20 33 23 31 32 30 25 30 41 22 34 26 31 27 33 29 24 30 21 28 28 24 30 29 23 17 28 23 16 20 19 36 27 14
