# 4Nmu(exon total length)=1036.8 distribution=fixed Ns=5.0  n=100 Selected folded SFS
0 1098 556 409 248 240 183 185 157 129 140 105 110 113 84 85 88 83 100 56 64 83 54 66 70 75 64 56 59 58 45 49 67 46 44 47 51 54 45 56 45 43 41 24 51 36 43 24 37 32 38 31 29 38 34 38 31 34 21 25 28 33 36 30 30 35 25 28 38 29 18 27 25 24 29 22 28 24 27 34 33 38 16 25 28 27 13 21 24 30 29 14 25 17 36 29 23 30 27 30 5
0 1105 572 387 285 237 209 205 165 135 132 135 98 97 99 110 103 98 95 102 66 72 82 73 66 63 50 53 38 68 42 48 39 46 38 49 47 35 52 43 50 48 45 44 43 48 21 41 25 29 32 29 35 29 40 34 23 25 46 31 27 23 31 23 36 27 20 29 28 26 22 36 25 28 20 23 20 21 24 27 24 23 20 28 28 15 23 18 27 28 26 28 25 31 25 29 32 32 25 36 14
0 1045 547 423 295 250 196 185 133 161 146 107 118 112 107 91 97 79 75 76 58 72 49 47 68 53 60 52 36 59 46 45 51 62 42 49 56 44 46 43 44 51 37 54 28 57 30 32 39 34 41 28 26 35 24 26 32 35 47 49 32 24 26 33 41 27 27 30 31 35 36 29 35 23 16 27 19 21 33 21 24 21 23 22 25 17 29 19 22 29 23 25 24 19 16 24 21 22 31 35 9
0 1121 596 367 289 233 200 195 186 154 149 104 121 130 116 89 89 82 83 75 61 63 68 69 70 79 36 67 47 54 41 38 48 47 44 42 42 46 43 33 33 42 29 29 40 29 33 40 28 38 30 32 31 41 37 50 40 41 28 43 31 31 40 29 21 26 21 33 27 23 30 34 39 38 27 25 30 28 29 35 26 32 16 21 32 27 27 21 27 28 27 26 18 26 33 24 31 24 25 28 16
0 1096 608 363 328 266 198 202 154 137 109 116 129 70 109 88 86 72 92 86 80 64 69 60 73 52 38 45 46 53 53 61 48 33 65 56 48 47 43 38 44 40 47 38 44 34 38 51 32 44 36 38 33 26 30 40 36 46 19 36 30 20 36 35 35 33 20 29 35 35 25 16 22 32 25 34 21 43 32 20 33 24 32 25 35 25 26 29 22 29 31 26 46 32 34 25 19 21 50 21 19
0 1021 559 432 301 263 207 198 168 151 135 124 102 109 87 86 109 79 73 103 82 76 73 75 69 56 45 39 42 61 49 43 45 41 34 46 42 53 57 34 35 38 33 36 39 47 31 45 29 34 40 33 31 38 33 34 27 35 30 37 38 29 29 25 33 19 18 26 42 29 27 31 30 24 22 28 27 24 22 31 19 27 21 34 15 20 27 29 23 27 24 23 15 27 25 23 28 30 22 27 12
0 1092 616 392 301 281 226 204 165 140 117 116 116 88 98 111 87 103 66 72 71 66 66 56 73 50 55 42 58 56 63 60 56 59 49 66 61 39 35 37 42 52 41 30 38 53 48 38 35 33 29 40 16 26 33 34 25 36 36 24 33 19 25 28 28 25 26 20 17 17 24 30 26 24 27 34 24 36 27 21 14 29 24 34 17 22 16 27 32 18 21 24 23 28 21 21 27 25 23 30 16
0 1078 539 405 297 242 196 171 180 168 149 139 92 103 111 88 68 91 93 79 70 57 69 70 56 41 55 58 64 94 45 48 47 50 47 33 41 47 51 30 42 27 33 42 39 34 36 42 24 32 23 31 39 40 35 41 29 30 36 26 35 25 33 32 39 35 30 22 26 26 23 23 39 22 26 20 29 24 23 36 24 26 26 33 35 32 22 8 23 25 21 18 32 25 29 30 15 28 27 17 9
0 1093 574 408 307 267 187 171 159 144 122 127 105 100 100 100 82 71 89 81 89 71 67 83 51 57 57 63 63 47 49 62 46 52 41 51 43 47 34 27 44 43 45 49 40 39 31 28 52 35 39 40 27 27 28 28 22 41 22 35 29 27 23 27 33 23 18 29 21 31 33 24 21 20 26 31 20 34 31 26 18 26 17 16 24 17 29 22 18 20 16 27 21 30 19 21 17 30 31 18 10
0 1086 543 352 285 235 208 185 143 154 119 146 90 111 100 78 69 84 88 76 61 52 56 70 59 58 62 58 63 43 50 58 44 43 38 43 35 51 50 41 40 34 41 37 36 39 33 35 43 26 27 27 42 40 30 38 25 31 35 21 28 29 32 27 20 28 20 29 31 28 23 31 28 35 38 24 41 19 25 22 28 22 13 28 24 26 38 19 28 23 33 23 20 29 30 28 28 31 23 27 19
0 1055 590 380 297 237 211 192 144 131 102 118 113 101 101 85 79 77 76 74 64 84 76 48 62 70 73 72 54 56 42 47 50 43 32 46 29 58 50 54 38 39 38 41 43 43 43 42 39 35 48 32 27 27 47 24 38 27 36 25 22 31 30 24 35 29 29 27 36 40 26 45 32 25 26 24 30 16 25 33 36 34 22 35 26 16 24 21 31 31 29 19 30 27 28 23 25 29 20 23 4
0 1054 560 380 283 240 209 169 174 144 165 96 113 103 101 108 108 93 86 79 69 65 60 69 72 56 36 62 58 52 44 57 52 46 56 57 51 50 45 37 39 34 37 35 38 27 32 26 48 35 28 34 27 35 25 27 40 43 28 25 28 32 21 32 31 30 24 24 28 28 19 22 29 26 26 21 27 35 29 25 27 27 28 25 25 19 27 24 31 29 25 28 26 30 17 30 32 18 20 33 11
0 1073 555 382 315 237 226 205 153 121 127 139 127 102 97 120 66 74 68 72 76 65 72 62 60 59 55 55 46 40 53 36 43 36 38 43 40 51 30 47 50 49 49 35 47 53 26 36 27 30 36 30 43 41 37 35 30 37 30 47 23 31 18 20 21 44 25 23 26 23 17 37 21 27 38 27 20 38 25 21 32 31 16 29 40 23 26 21 38 31 24 28 20 30 24 22 29 22 24 27 22
0 1084 580 414 279 244 188 191 156 163 138 118 105 116 97 97 90 83 66 71 82 65 74 62 50 54 53 37 59 69 57 70 56 53 58 48 64 47 54 40 44 36 37 58 55 40 40 43 40 31 47 33 26 39 26 25 40 22 31 29 41 37 25 25 36 19 28 27 23 23 14 20 21 24 22 37 30 31 25 15 27 33 30 19 16 30 27 28 20 19 29 26 20 30 26 18 18 24 24 24 19
0 1120 526 381 295 245 180 168 146 127 111 134 120 104 84 91 108 74 98 71 55 70 74 56 65 63 56 40 58 56 43 43 35 45 63 52 39 57 37 47 43 45 48 33 48 33 31 43 44 36 32 29 43 27 30 29 31 18 34 33 27 26 31 30 28 35 34 20 28 29 32 20 23 23 21 27 26 22 25 23 20 17 28 25 27 25 15 20 17 24 25 24 20 18 23 21 25 26 20 22 6
0 1040 545 377 262 249 186 203 160 176 144 124 133 93 85 90 76 83 94 73 81 76 59 63 61 57 69 53 46 62 40 53 43 36 40 72 36 38 35 51 33 31 52 32 34 34 35 27 45 31 40 25 19 25 31 24 33 41 28 24 28 40 31 33 28 18 33 36 27 32 27 19 23 20 34 24 27 21 24 25 24 16 34 18 27 30 31 21 27 24 26 21 29 32 26 33 21 28 21 25 21
0 1119 555 407 280 215 185 186 149 146 105 119 115 101 86 88 93 89 78 63 64 56 59 56 76 63 57 50 45 45 44 37 60 49 38 35 53 36 33 40 40 59 27 32 36 47 25 38 31 26 24 33 41 22 31 29 31 37 34 36 31 33 38 33 35 21 31 24 42 28 37 25 46 50 42 27 30 37 30 28 23 24 32 20 23 39 31 26 19 18 24 17 18 19 18 29 18 34 31 20 15
0 1124 530 370 283 211 238 176 157 130 127 112 115 88 90 96 111 80 67 67 55 60 54 53 42 60 55 50 50 66 50 51 40 59 55 45 39 45 34 50 45 43 48 53 38 35 38 22 46 29 30 39 34 29 33 44 39 31 27 35 40 39 34 28 31 29 20 41 24 39 24 21 13 16 24 28 18 35 41 32 28 22 28 17 18 22 32 20 24 26 32 21 32 18 24 23 18 21 23 21 7
0 1123 559 402 293 238 171 193 148 145 124 112 118 107 87 104 62 102 76 80 60 64 60 68 50 50 69 52 49 33 50 64 49 47 56 48 54 38 39 40 26 45 48 41 38 36 31 32 29 24 27 36 33 30 27 25 25 29 28 22 27 32 31 29 29 21 22 23 27 34 28 24 23 23 33 20 23 32 32 22 31 23 27 23 29 24 29 16 31 30 23 15 14 34 31 29 22 26 23 28 13
0 1091 596 372 307 269 214 160 156 146 107 125 111 90 90 93 63 65 62 77 82 72 62 67 68 44 40 46 36 53 42 64 40 51 32 45 46 30 44 41 34 26 44 26 32 32 39 41 35 35 45 35 37 35 37 38 23 23 40 37 24 26 32 33 29 27 30 34 37 41 20 19 31 17 17 21 25 28 27 23 41 26 16 26 15 31 31 30 28 46 48 32 19 30 34 36 31 33 34 34 14
