# 4Nmu(intron total length)=2963.2000000000003 distribution=fixed Ns=5.0 n=100 Neutral folded SFS
0 2901 1464 1026 703 612 449 386 345 298 263 251 202 183 202 165 170 140 137 129 132 109 85 93 80 88 96 73 67 72 65 77 60 65 63 45 64 65 43 62 53 43 38 38 53 44 52 39 39 42 37 34 46 41 48 31 36 28 22 37 34 44 37 39 28 26 23 35 33 32 16 20 19 36 28 26 31 28 28 19 24 32 27 25 22 28 23 35 25 24 26 20 21 29 27 19 31 16 35 31 12
0 2986 1473 1042 718 576 446 403 323 301 286 255 182 220 200 144 167 130 134 109 129 131 104 94 94 94 85 110 76 84 75 66 79 47 51 58 54 52 46 47 59 46 44 46 48 42 42 48 50 28 40 31 47 29 49 37 43 30 28 29 30 43 15 24 23 21 23 19 27 19 25 17 17 31 24 28 22 19 28 31 22 29 27 21 23 21 26 30 18 18 23 22 20 20 23 21 28 19 29 32 11
0 2915 1422 943 761 590 459 448 355 281 282 216 228 191 172 163 164 159 118 99 118 90 130 76 74 88 96 74 100 76 61 73 68 65 59 80 60 52 48 56 56 42 45 54 51 40 46 43 42 30 44 41 31 34 52 28 40 40 43 36 25 33 40 36 37 26 24 27 29 31 28 33 25 30 15 26 30 28 17 13 32 26 22 22 35 21 25 15 21 12 30 20 12 24 25 20 19 32 20 28 9
0 2979 1477 955 698 518 465 419 337 339 273 213 195 196 193 175 128 152 140 146 128 105 97 75 96 96 73 90 93 71 77 62 57 59 59 53 56 55 61 62 44 48 50 60 40 41 44 35 43 37 42 41 36 27 39 32 41 45 34 25 32 26 33 26 34 26 26 31 35 26 20 33 21 23 29 25 21 41 23 25 19 35 27 24 27 22 18 20 14 21 20 33 27 29 18 30 26 24 29 26 11
0 2903 1450 1022 759 592 480 355 359 329 280 203 199 196 173 213 152 146 163 131 137 109 95 90 76 61 72 60 92 58 71 81 75 75 58 61 55 43 43 55 55 48 37 41 55 44 55 48 30 39 48 54 40 29 36 40 32 45 29 41 37 22 23 52 24 25 28 19 24 32 34 26 31 25 21 37 30 22 31 24 19 29 31 18 22 26 31 24 35 20 30 29 24 28 31 29 19 33 43 32 11
0 2994 1412 1007 700 579 475 444 304 293 261 219 202 185 180 203 171 140 157 112 132 113 93 101 105 102 91 71 62 83 75 62 72 61 48 51 61 50 49 48 44 58 61 43 54 60 39 41 34 41 48 39 34 35 31 31 34 42 30 38 29 30 32 30 30 30 24 29 28 20 21 22 26 24 31 32 22 38 20 26 14 26 27 36 30 18 18 44 20 23 29 26 23 20 30 24 16 22 22 21 13
0 3080 1517 977 806 612 493 372 329 267 288 238 229 227 193 156 145 166 135 114 113 102 105 113 88 81 90 75 84 82 68 90 74 82 75 47 51 56 63 45 63 56 51 44 53 37 43 37 35 46 55 34 36 24 30 34 31 21 27 23 32 31 19 29 18 31 26 27 25 25 18 21 26 26 30 28 28 20 15 17 15 21 26 17 31 23 15 22 24 21 24 27 19 21 21 31 28 24 23 25 13
0 3026 1472 969 727 569 449 377 359 327 281 256 244 212 166 142 138 141 151 139 97 111 97 93 104 99 81 77 86 68 91 73 48 44 69 48 56 65 41 42 47 44 55 49 44 45 35 43 44 59 28 46 34 29 44 28 25 27 38 28 38 32 32 17 49 25 21 16 27 26 28 29 25 17 28 35 28 27 29 23 13 17 26 22 16 30 26 18 17 24 16 13 23 22 25 23 13 22 23 13 12
0 2944 1494 961 707 565 467 362 335 335 252 233 213 187 184 158 162 154 140 142 103 130 90 100 81 100 55 72 79 73 63 88 64 75 64 66 47 46 61 47 55 59 58 42 41 42 38 62 39 43 31 32 44 32 34 43 33 31 33 34 34 32 25 33 36 20 31 21 37 27 28 26 28 23 17 31 22 13 26 22 31 25 20 25 30 16 24 17 22 28 30 18 21 26 29 18 29 27 21 29 18
0 2987 1417 940 747 584 430 415 350 306 274 236 252 189 187 201 135 141 123 124 98 107 110 101 97 84 77 87 72 52 82 78 62 61 38 45 55 55 40 59 42 64 57 41 35 52 38 37 46 26 39 44 29 40 32 29 28 35 31 18 16 34 33 29 41 28 36 29 23 20 25 40 30 26 22 31 29 35 44 34 29 26 18 19 22 15 27 31 23 26 29 27 23 21 18 30 23 23 22 21 11
0 2938 1405 992 671 586 450 405 351 292 237 232 222 180 172 176 151 137 133 116 130 134 96 86 107 93 82 77 89 85 85 57 55 58 54 67 54 44 52 62 42 35 37 63 45 50 53 41 45 40 30 48 34 41 34 30 43 44 28 36 35 30 19 32 35 26 43 20 35 26 33 26 33 20 29 33 40 31 32 29 25 18 21 23 25 27 19 32 25 23 25 34 18 26 36 21 32 21 22 18 10
0 2946 1529 986 724 593 468 410 367 284 277 283 232 179 177 141 168 158 150 122 120 102 111 109 91 103 61 73 85 55 67 62 65 71 67 54 49 68 47 50 50 48 50 43 44 44 41 39 39 31 35 33 36 48 32 34 30 25 33 33 30 34 28 34 34 31 27 27 29 29 40 23 22 28 22 21 39 21 15 23 24 27 31 26 23 23 27 13 36 38 22 21 20 29 28 26 28 21 21 20 17
0 2958 1447 1007 687 563 496 399 391 288 281 238 226 208 156 165 145 144 136 119 118 106 99 112 113 96 92 75 66 70 74 66 67 61 52 62 48 39 51 52 41 46 47 50 55 46 54 42 35 39 41 38 44 33 28 41 24 23 36 27 40 23 20 28 27 24 30 32 35 15 35 17 35 28 25 22 31 23 25 29 30 26 34 23 22 27 29 29 26 31 28 17 28 22 20 22 28 33 19 27 14
0 3024 1431 1033 750 591 479 365 384 289 316 247 248 217 188 157 137 157 134 123 112 115 97 89 101 93 81 76 71 87 71 84 67 64 60 53 65 56 50 56 62 60 44 56 46 47 62 57 44 39 25 35 46 29 28 33 28 38 25 38 19 33 39 32 36 34 34 24 33 31 28 23 17 30 38 19 26 36 28 30 34 18 27 27 9 25 23 22 16 27 30 19 29 28 20 23 23 12 23 31 13
0 3103 1466 1011 717 561 480 404 321 294 281 242 229 192 192 170 147 112 128 162 132 107 104 101 84 81 58 91 94 67 86 69 72 73 61 60 64 58 44 50 51 62 52 57 35 48 44 70 45 38 41 31 49 30 24 43 34 36 34 37 31 34 11 28 31 26 44 33 19 28 26 23 27 41 24 25 32 28 22 18 17 23 16 29 29 22 22 28 24 28 24 19 15 20 22 17 12 30 19 31 11
0 2902 1492 955 731 563 461 412 326 287 294 261 222 189 195 183 143 142 114 125 126 130 113 98 93 86 74 88 66 75 65 88 51 82 55 53 52 69 62 62 59 69 44 55 47 51 34 35 22 40 38 41 36 42 47 27 34 30 34 34 31 36 33 30 29 37 31 25 24 15 17 33 34 25 39 20 51 26 16 26 27 22 19 37 25 29 29 33 28 36 23 36 12 32 24 25 32 29 19 21 11
0 2904 1445 1006 740 515 465 443 395 298 267 219 207 199 168 169 164 131 119 134 117 94 106 86 76 100 82 100 75 73 74 74 67 59 63 56 71 51 37 35 46 39 40 43 53 39 44 47 42 45 45 30 33 31 45 33 25 29 31 29 39 33 36 38 47 39 24 60 32 33 28 35 19 28 31 41 32 35 16 27 32 23 20 24 23 22 25 16 20 13 28 30 31 19 14 20 29 32 27 20 14
0 2982 1564 971 744 551 492 383 317 236 275 241 219 195 152 144 150 153 129 125 107 112 100 93 92 86 73 68 55 85 60 62 57 68 60 57 62 69 53 52 48 45 49 44 28 41 29 48 50 36 34 43 38 51 39 29 48 44 34 25 37 20 28 24 28 25 20 36 36 29 16 26 26 28 28 22 24 22 19 24 31 31 30 20 27 29 14 26 24 22 24 22 19 21 26 19 16 31 20 20 8
0 2917 1440 952 715 544 443 384 339 260 269 246 220 199 194 164 146 128 145 133 114 115 100 103 82 86 84 98 82 85 69 67 65 74 53 70 55 58 46 53 50 38 39 34 45 36 38 38 35 35 44 30 53 34 34 27 32 22 27 22 35 38 27 33 37 30 32 33 25 22 25 31 28 32 40 16 15 25 22 17 21 27 15 29 20 22 28 22 18 18 25 35 20 25 25 27 24 18 29 20 15
0 2867 1439 1005 727 584 477 394 354 293 300 204 201 223 170 124 167 145 141 129 110 109 97 108 96 94 95 70 73 78 60 53 83 74 54 61 62 60 51 57 47 35 49 56 46 39 35 40 49 42 27 36 27 37 36 36 35 37 29 38 37 23 31 39 32 21 22 26 30 26 19 32 33 28 34 23 39 18 22 28 24 27 29 37 25 36 24 29 17 25 22 22 19 32 28 33 28 17 22 27 18
