# 4Nmu(exon total length)=1036.8 distribution=fixed Ns=0.0  n=100 Selected folded SFS
0 1006 563 296 247 232 182 161 125 141 119 98 107 92 106 77 61 72 73 73 65 52 49 47 42 68 34 43 39 48 33 31 45 31 48 36 28 32 27 29 27 36 20 42 30 21 30 30 24 32 42 33 36 23 29 22 17 22 19 22 20 25 29 23 26 28 33 23 19 29 29 23 15 16 29 21 18 16 24 22 20 23 19 19 14 23 16 31 26 22 30 25 23 20 24 19 21 22 21 19 14
0 1009 555 410 247 216 198 151 134 106 106 85 101 103 78 63 67 52 78 62 58 53 60 51 58 53 44 42 36 39 33 41 47 37 41 30 18 34 31 24 33 26 38 28 39 41 43 32 30 24 27 26 24 34 21 36 30 13 19 25 24 29 30 26 20 35 30 28 25 19 23 27 19 21 27 11 16 23 20 25 20 25 13 23 32 32 22 21 16 11 18 25 12 17 26 22 17 25 21 22 14
0 1058 576 349 279 218 180 151 138 121 87 96 93 70 73 78 70 62 69 49 68 53 51 55 50 45 39 41 58 40 51 39 43 48 35 34 25 29 27 32 24 30 25 37 26 19 28 23 18 38 33 29 29 33 20 24 40 30 26 34 39 35 28 30 21 24 16 22 17 19 13 30 23 24 17 20 28 19 19 24 25 29 18 9 29 30 24 26 20 27 24 32 18 16 20 22 20 27 29 12 13
0 1102 523 348 264 202 161 159 127 131 94 104 89 79 78 61 78 66 58 56 59 55 54 55 46 36 48 40 42 51 44 45 42 35 39 32 47 40 35 33 26 37 47 35 42 28 21 22 28 35 42 21 29 37 23 26 16 17 27 24 27 24 21 23 26 47 22 27 26 26 25 29 20 35 20 20 24 26 19 14 19 13 30 15 18 16 27 14 21 25 30 26 21 17 19 10 17 11 20 13 9
0 1049 518 352 266 201 172 144 126 97 119 103 101 72 62 74 74 78 70 69 65 52 62 71 40 52 48 39 40 41 64 45 43 47 27 33 36 28 38 29 39 26 36 34 30 30 30 19 19 26 35 23 14 24 30 27 30 27 28 23 34 18 19 27 25 22 21 32 16 18 19 27 34 21 14 28 19 23 18 18 32 19 19 23 28 16 24 26 19 24 17 21 13 21 17 25 26 14 21 16 9
0 1051 515 359 250 179 163 139 141 139 111 82 95 67 84 80 73 75 59 60 46 42 42 57 58 53 42 43 51 48 40 29 32 46 39 39 30 27 28 26 30 34 29 31 26 28 29 32 23 35 24 30 36 30 22 17 31 22 19 13 26 14 23 18 25 21 27 28 32 18 21 19 29 17 13 16 15 27 31 28 28 8 25 24 19 19 15 19 14 17 24 18 17 23 17 17 17 26 16 22 10
0 1026 546 338 272 249 222 166 146 137 89 81 98 83 73 60 62 71 78 79 64 52 65 47 46 60 43 40 42 54 28 44 37 35 47 38 45 45 34 30 46 33 33 35 23 32 34 33 31 33 28 32 22 25 25 23 25 23 27 28 22 26 26 28 31 34 13 23 28 25 25 23 35 33 17 20 23 30 27 19 23 28 18 21 19 23 20 26 16 17 20 23 29 19 19 26 19 27 17 20 9
0 1079 537 389 277 234 156 162 126 121 89 92 97 75 85 72 79 88 60 47 49 42 54 56 58 60 43 26 35 47 40 40 43 39 45 24 46 33 34 26 35 38 30 34 33 27 34 24 28 28 27 15 33 24 26 29 26 21 26 19 32 20 36 11 16 29 12 23 25 23 18 20 17 43 17 18 14 29 13 20 23 28 18 18 16 21 22 20 28 12 22 22 17 14 23 22 15 17 38 23 8
0 1053 505 357 244 212 169 169 142 105 120 96 94 82 88 76 64 67 63 39 69 56 46 45 55 52 46 48 51 46 33 31 39 41 44 41 32 36 35 22 25 31 30 33 30 26 31 21 25 25 14 23 24 26 18 24 23 31 21 24 20 23 28 20 17 22 24 24 31 26 18 22 19 23 20 24 25 21 24 13 23 22 17 24 18 34 22 21 18 16 30 13 14 25 18 20 25 15 15 19 11
0 1025 514 305 283 196 165 163 140 132 123 107 101 75 63 71 78 63 54 46 60 60 59 50 51 54 37 44 35 49 31 40 35 54 31 30 28 25 34 29 43 47 27 29 23 28 22 18 34 20 28 33 13 28 38 14 33 37 23 27 31 19 22 27 25 32 28 23 13 12 25 25 24 13 21 27 20 17 30 20 14 25 19 24 16 24 22 15 23 20 22 14 15 17 24 22 12 16 24 26 7
0 1107 532 357 248 205 168 154 126 125 111 98 92 87 69 65 73 66 52 56 52 45 55 30 46 45 50 40 50 34 45 38 36 28 32 38 30 37 27 24 26 37 31 31 18 23 23 23 18 18 30 35 26 33 33 37 21 16 20 23 18 18 13 30 23 21 24 16 27 24 20 32 31 18 23 28 21 11 24 22 14 13 19 24 24 18 18 22 13 13 16 11 19 20 25 12 16 16 22 31 8
0 1084 510 344 234 210 173 144 137 133 133 111 75 91 85 74 69 68 64 50 53 58 53 56 47 38 50 47 53 26 40 48 31 33 37 32 38 45 28 33 28 29 34 32 41 17 23 29 33 24 17 21 29 23 31 35 26 24 31 30 19 30 34 19 24 17 29 27 12 26 29 25 36 19 23 17 20 21 18 19 24 14 24 24 20 27 21 22 11 28 25 27 20 17 29 21 27 11 14 14 7
0 1023 496 354 240 239 192 136 138 122 121 80 83 78 82 91 76 55 63 47 55 46 43 41 57 37 48 35 43 52 33 46 49 50 36 31 35 26 35 40 28 32 29 21 38 34 33 35 28 21 36 38 38 24 31 26 26 20 25 18 25 30 28 16 16 22 20 25 25 20 17 30 30 18 15 21 36 27 23 31 22 32 27 20 21 25 20 23 17 23 26 35 16 19 35 21 13 16 22 17 6
0 1001 512 369 249 195 156 170 142 109 116 84 89 101 79 78 51 60 69 58 57 47 52 51 59 44 41 43 33 45 43 52 51 29 36 45 24 22 34 28 29 32 23 34 31 36 44 38 39 26 32 31 24 24 14 37 23 18 23 25 25 28 27 21 32 22 21 26 25 16 19 29 25 23 28 22 18 23 14 19 19 17 22 16 27 16 19 26 15 26 15 15 7 28 19 20 17 19 26 28 14
0 1042 554 378 280 210 197 161 153 116 112 109 104 89 76 78 76 63 59 60 55 48 34 48 44 57 56 42 32 44 42 43 32 43 47 44 28 30 23 29 32 43 36 34 30 25 32 30 46 36 22 28 38 30 16 25 28 26 27 23 16 24 24 20 19 20 24 13 14 31 24 26 17 20 21 19 17 19 21 25 22 20 26 16 29 25 22 26 19 13 22 19 44 24 29 25 17 16 29 20 14
0 977 521 353 252 249 159 127 138 94 113 104 102 92 73 68 63 88 72 62 73 46 66 41 44 42 45 58 59 40 29 34 31 28 38 42 56 28 35 34 27 34 32 35 29 34 28 28 28 24 31 26 23 27 22 24 26 22 31 32 24 24 20 18 39 16 21 24 16 21 22 12 26 11 16 34 16 22 12 16 19 15 12 15 20 17 20 20 17 17 21 17 11 27 9 12 17 21 12 13 9
0 1005 535 333 259 266 185 140 133 122 118 100 92 63 70 74 72 67 58 60 52 71 47 38 61 33 42 46 44 27 38 42 26 46 41 39 26 38 30 28 43 25 35 43 37 28 24 33 27 27 20 25 30 21 26 20 19 19 19 26 23 23 19 20 27 21 12 17 18 17 24 29 19 28 33 14 28 16 29 14 29 24 20 23 14 25 18 22 22 28 14 28 16 25 29 21 19 21 27 21 12
0 1044 519 334 289 222 190 132 137 104 121 124 98 89 62 82 63 66 65 48 48 55 56 42 37 39 54 36 40 43 57 35 36 51 40 41 25 32 34 23 34 30 38 36 32 28 30 30 27 36 23 26 31 30 31 33 24 20 19 26 19 21 23 28 22 28 24 26 25 31 34 20 19 26 23 21 18 14 20 24 23 20 32 27 30 15 29 34 20 21 22 24 22 13 18 18 29 18 16 19 12
0 1051 542 350 268 239 178 172 132 125 113 121 76 85 74 78 60 63 63 65 62 57 57 54 42 42 32 33 40 43 33 43 36 27 46 29 29 36 37 29 27 38 29 37 34 29 26 16 33 41 25 20 27 22 22 21 21 29 34 33 19 26 28 24 24 19 22 22 38 23 14 12 24 25 26 23 24 31 16 22 23 22 18 21 26 19 25 28 21 17 5 17 22 16 39 24 24 25 24 10 14
0 1045 487 332 278 214 165 176 124 119 122 103 100 76 91 97 63 65 68 64 63 46 46 47 44 63 49 45 44 32 54 35 36 42 24 39 22 26 29 26 37 31 32 30 40 23 27 27 30 24 24 27 27 24 20 44 25 38 37 22 11 19 28 22 31 28 27 14 17 21 13 31 25 18 12 31 22 26 22 23 29 20 21 23 19 21 21 19 24 12 19 17 23 17 25 27 21 20 21 14 8
