# 4Nmu(intron total length)=2963.2000000000003 distribution=fixed Ns=0.0 n=100 Neutral folded SFS
0 2882 1521 938 739 579 524 473 403 305 297 308 270 244 253 229 189 180 161 180 162 151 167 161 136 101 144 105 111 126 128 139 90 108 112 90 122 95 104 100 98 95 57 73 68 85 84 92 77 91 54 80 97 79 64 69 59 78 60 79 67 76 97 83 53 62 61 78 65 69 54 43 79 61 67 61 63 77 72 51 47 64 50 56 63 71 53 74 67 57 51 65 65 61 72 62 58 60 70 60 41
0 3102 1570 971 730 654 507 454 409 349 329 289 231 255 245 225 224 178 131 167 192 139 119 135 166 110 132 76 119 137 122 111 89 103 69 92 90 83 83 94 72 105 86 90 97 88 74 85 82 80 82 65 63 72 67 69 64 61 79 77 71 87 76 91 81 55 75 79 70 51 67 62 51 64 55 60 54 73 54 54 69 68 68 73 64 68 45 83 57 68 39 54 45 52 49 46 71 59 40 58 33
0 3011 1530 1028 796 613 520 427 424 346 294 264 262 267 272 193 159 222 185 178 163 157 151 149 132 128 130 144 97 138 133 110 96 104 92 98 102 91 97 108 91 93 78 100 66 78 87 81 92 81 95 71 71 83 74 82 66 85 84 70 57 73 50 91 90 41 47 57 61 53 77 73 51 74 54 63 53 67 61 55 59 71 70 71 43 65 41 46 59 80 50 60 71 74 55 60 54 66 71 50 21
0 3051 1463 1034 747 589 497 452 387 348 299 274 238 224 245 205 210 176 166 169 155 160 137 141 131 147 135 132 132 125 131 131 98 110 108 100 87 94 88 74 84 87 79 101 103 87 76 83 76 81 98 82 79 79 66 69 90 65 77 73 54 64 59 87 63 70 62 54 68 61 62 82 44 48 66 58 60 69 63 43 56 73 54 68 54 60 57 70 45 67 51 63 61 60 59 50 50 55 49 44 31
0 2938 1478 973 712 590 526 447 316 339 326 266 261 249 217 206 194 178 194 176 156 139 163 171 145 149 133 113 132 135 134 143 108 101 87 103 78 74 96 73 92 74 92 130 87 81 82 91 90 97 70 64 73 82 90 57 89 93 81 76 82 72 70 74 67 67 51 67 43 58 52 50 71 60 88 63 60 71 53 43 59 61 65 65 55 54 60 68 70 57 56 49 79 63 44 59 42 49 53 49 30
0 3167 1530 999 759 634 452 416 413 308 347 288 262 239 256 246 191 161 203 164 208 161 158 124 162 146 126 123 123 119 135 91 96 125 92 117 108 85 76 84 88 70 87 82 70 65 64 112 97 91 86 83 63 94 65 83 72 58 77 71 65 79 70 42 43 71 56 89 64 57 49 68 59 47 51 72 49 36 61 76 56 53 76 63 68 77 77 44 47 63 46 61 71 59 54 59 42 62 66 38 20
0 3004 1488 1040 723 654 503 448 353 362 281 281 268 244 233 199 184 217 210 164 154 168 125 164 147 162 115 125 109 125 119 104 108 102 104 100 108 107 97 87 99 82 91 108 89 84 84 91 79 78 74 94 98 75 68 89 65 74 74 88 70 68 68 71 61 59 69 70 52 76 52 63 73 71 30 63 68 61 58 66 52 57 54 69 62 52 71 77 71 54 65 67 51 63 59 58 58 67 74 59 30
0 2953 1451 1048 769 609 506 438 367 314 281 294 254 237 223 216 190 182 190 154 157 150 124 131 151 98 139 147 111 112 128 109 108 85 124 107 88 65 98 77 98 98 90 80 96 86 71 73 97 54 82 74 64 55 79 102 55 63 68 68 57 64 58 62 57 80 69 67 72 80 66 41 67 67 84 72 84 70 64 52 53 46 70 52 49 67 71 33 50 58 71 53 59 70 45 59 58 58 66 72 28
0 3028 1518 1071 782 568 548 425 366 371 342 263 241 233 232 209 217 142 162 167 193 172 150 157 135 151 132 156 117 106 155 105 97 116 91 115 104 79 85 110 93 118 106 83 81 107 96 74 81 76 85 73 83 64 75 71 65 82 71 73 53 68 70 71 63 64 56 77 50 71 68 56 77 62 63 45 67 49 66 57 77 48 45 65 66 64 38 51 39 56 57 41 65 53 66 80 54 69 54 58 17
0 3064 1512 970 827 595 468 396 387 337 300 255 269 237 206 202 224 153 162 167 144 179 144 129 186 123 148 126 111 91 132 113 84 102 101 120 96 98 78 79 115 103 113 90 59 90 81 93 99 82 81 58 74 46 61 66 84 66 66 67 93 59 83 67 63 59 52 60 76 68 64 75 65 47 55 61 56 55 66 47 47 49 69 52 44 47 62 66 65 61 63 70 63 64 47 67 47 47 57 66 20
0 2925 1545 1046 740 621 504 442 389 355 306 301 246 252 235 209 195 180 169 179 220 188 140 144 129 124 139 128 99 126 114 103 109 113 131 72 82 96 98 85 97 89 82 71 80 94 84 51 63 80 73 75 55 70 67 57 66 69 49 58 48 66 58 97 71 64 79 56 72 72 96 64 63 64 50 62 72 39 42 64 45 47 77 58 35 64 49 52 54 44 53 62 42 60 57 41 67 64 57 58 25
0 3001 1492 982 712 580 508 419 382 348 270 296 275 254 244 213 196 206 180 172 183 176 182 128 138 128 130 137 109 107 133 104 108 101 101 83 88 91 98 103 91 88 104 85 105 67 68 93 83 80 76 72 88 86 100 71 72 90 76 60 66 57 72 104 65 72 61 65 67 66 80 63 61 61 67 56 44 53 48 75 73 56 69 42 67 45 76 68 51 56 62 58 68 52 49 39 39 52 31 73 30
0 2920 1484 990 725 680 472 450 457 362 301 288 283 253 217 236 182 206 178 161 164 191 137 118 138 115 113 115 120 138 109 130 104 120 109 98 106 118 101 105 102 108 99 106 94 69 96 92 73 99 63 95 67 72 77 65 81 58 66 60 95 65 69 69 85 56 60 67 66 61 70 53 56 47 75 73 48 72 68 58 56 48 59 58 77 64 65 63 46 60 60 86 69 60 62 72 75 50 56 63 35
0 2972 1542 976 723 599 511 425 349 393 281 291 273 218 213 159 190 185 175 156 191 147 162 158 137 126 137 95 117 106 123 129 152 114 104 111 100 91 77 91 86 74 101 69 96 79 76 57 85 84 86 66 67 59 57 74 82 75 81 88 100 76 69 70 45 66 64 71 52 56 56 83 77 53 84 75 62 60 51 32 66 65 60 50 60 42 49 53 56 93 66 58 67 61 49 56 71 61 66 67 30
0 3023 1444 1002 752 554 483 443 404 356 302 317 221 291 264 196 256 190 173 155 176 162 152 185 132 143 126 121 115 106 97 122 134 112 130 95 104 96 93 79 78 102 87 90 93 76 84 59 75 71 79 90 79 52 62 71 87 79 68 74 75 71 56 72 74 54 71 55 69 67 70 45 61 60 73 70 51 66 55 52 52 45 40 62 62 78 55 63 56 47 53 49 54 58 69 80 59 47 46 60 28
0 3025 1475 971 726 622 475 483 390 306 316 307 275 230 247 224 203 204 176 192 159 158 150 152 154 133 124 122 135 128 111 111 102 136 112 116 83 62 94 113 98 98 83 108 67 76 89 58 75 88 75 74 70 70 79 60 73 73 77 72 63 78 43 71 57 58 67 67 70 75 72 43 66 86 45 60 50 62 57 36 41 66 45 61 53 53 75 47 47 65 41 51 62 48 62 45 52 46 60 47 25
0 3072 1495 1004 769 614 517 412 391 329 325 270 300 244 240 213 211 190 196 172 176 151 155 99 142 137 133 148 128 105 111 143 111 108 79 99 100 96 97 96 130 101 100 73 89 78 102 89 85 94 91 78 60 91 63 87 80 68 73 74 59 66 61 60 43 84 76 69 64 56 69 55 61 67 64 68 69 56 43 65 54 68 75 75 80 49 69 42 69 52 71 61 54 59 82 47 56 57 55 68 35
0 3019 1490 1013 764 578 521 420 372 377 294 307 246 224 218 207 215 166 141 156 180 135 164 147 138 148 123 151 95 106 120 126 137 102 81 96 110 102 107 99 103 121 82 95 75 83 65 85 91 66 75 73 79 69 48 70 49 99 69 54 57 67 54 81 65 84 65 63 76 80 60 56 66 69 71 80 64 76 75 89 59 86 63 59 77 63 79 67 60 57 72 78 55 56 54 64 63 55 47 43 32
0 2981 1484 1023 770 615 485 520 429 306 301 265 235 266 212 243 238 185 171 183 136 166 154 140 155 111 104 102 110 117 107 106 103 101 96 113 103 117 101 82 94 102 89 104 99 98 79 76 70 78 69 84 85 64 90 71 69 53 89 76 66 67 81 72 80 70 60 78 90 83 84 61 73 67 67 69 71 75 47 28 69 62 43 49 72 71 60 64 76 46 63 50 51 71 54 52 61 60 69 72 21
0 2981 1462 1006 733 616 522 420 350 377 277 309 247 287 215 214 231 190 162 156 171 147 121 162 115 130 150 127 110 122 99 100 76 101 98 106 97 103 122 106 98 86 87 76 114 98 74 106 77 71 62 68 65 74 77 68 64 73 58 71 68 85 69 84 69 77 61 62 42 52 73 82 60 84 38 59 65 67 57 82 45 62 59 49 59 58 50 46 66 50 66 54 79 69 59 60 48 60 60 44 35
