# 4Nmu(exon total length)=1036.8 distribution=fixed Ns=50.0  n=100 Selected folded SFS
0 1191 673 428 355 306 224 199 178 143 147 148 130 98 105 87 72 84 64 69 74 77 55 44 58 39 41 36 62 35 34 52 40 46 33 36 34 36 31 25 24 29 31 29 35 35 34 28 42 26 29 31 38 23 24 17 30 24 25 24 20 22 22 29 16 17 19 17 19 15 22 16 16 19 14 22 24 18 25 24 24 20 21 20 21 24 16 16 17 23 20 18 11 18 21 8 15 18 15 11 13
0 1273 701 424 320 302 189 209 198 135 120 143 108 103 101 82 70 91 73 84 56 37 77 49 66 56 41 56 35 50 54 53 36 34 40 35 43 40 36 36 29 37 37 33 40 33 31 35 31 33 30 28 27 20 23 28 19 23 22 12 17 17 19 23 27 24 27 19 30 29 24 17 16 19 11 19 16 12 18 16 16 23 18 11 9 14 15 9 13 19 14 22 19 14 27 20 18 15 17 22 10
0 1213 707 452 377 284 250 221 173 137 128 125 109 105 97 81 81 80 82 75 61 76 54 43 56 57 70 46 46 34 47 33 46 29 51 36 39 31 33 44 29 30 40 17 29 32 22 37 39 25 22 28 22 21 19 13 23 23 16 29 32 33 20 21 25 17 27 21 22 17 21 23 21 23 27 21 14 18 10 14 16 23 11 21 9 21 26 20 23 15 28 15 11 11 18 23 17 15 13 23 10
0 1226 638 501 356 348 241 211 165 149 119 123 133 128 85 99 94 70 65 67 79 63 49 48 67 57 47 31 57 48 58 44 31 46 41 37 32 35 39 26 24 25 23 38 34 38 32 25 24 38 25 37 24 23 18 12 28 24 25 34 34 26 23 22 16 18 20 12 14 28 26 28 17 23 14 21 21 14 16 15 24 18 15 30 13 13 27 20 17 20 17 28 19 22 23 21 13 20 20 19 12
0 1266 730 471 365 294 237 200 202 154 112 124 99 121 97 89 93 85 83 55 70 64 50 55 54 48 49 39 51 43 34 33 30 21 25 36 45 35 39 39 23 24 27 23 30 28 27 12 21 33 23 17 15 19 17 18 20 31 27 21 30 22 23 25 27 28 16 20 24 11 21 17 21 26 20 26 12 17 29 26 23 15 13 17 12 24 12 22 23 13 11 22 21 29 24 9 16 20 28 29 18
0 1314 705 519 367 300 222 220 172 176 138 134 100 94 96 99 75 72 83 62 61 67 54 74 41 57 52 51 44 40 30 55 42 37 33 35 40 33 31 29 29 30 24 26 39 25 21 23 24 21 28 18 25 28 21 27 20 25 16 22 22 21 18 17 25 28 16 31 19 16 18 18 9 21 17 14 16 26 23 17 16 27 12 16 20 27 13 19 25 14 17 20 18 15 21 22 22 17 19 23 15
0 1285 721 442 364 263 228 230 176 157 125 124 129 108 98 97 94 92 69 65 76 72 56 66 50 56 54 46 54 58 43 44 47 34 27 40 38 41 27 29 39 14 33 29 29 22 25 29 26 36 27 29 26 22 34 22 34 22 17 22 28 19 20 23 24 13 19 32 27 17 34 18 25 21 23 14 30 22 20 11 31 20 31 28 20 19 16 13 17 20 25 24 15 19 17 14 32 18 22 10 12
0 1228 670 478 307 254 233 176 178 143 159 151 93 92 123 77 114 55 60 74 70 67 56 57 51 46 36 51 42 56 39 39 41 49 32 31 41 26 41 45 20 26 42 29 25 35 23 25 31 37 22 25 33 27 43 29 27 18 29 20 30 18 17 24 21 24 17 29 20 23 25 19 34 17 18 28 20 19 16 16 18 18 18 22 19 19 15 22 15 18 18 19 19 16 14 21 20 24 18 14 8
0 1199 648 440 365 295 243 219 177 173 129 106 122 111 84 81 83 74 76 78 70 55 59 60 31 56 42 27 57 51 49 38 39 32 30 49 34 27 23 34 28 23 29 24 20 25 21 27 21 31 37 22 24 13 29 15 33 33 23 27 34 24 13 21 18 19 9 19 20 16 21 27 19 23 22 11 21 14 15 14 15 18 14 17 17 22 21 24 23 20 22 22 22 13 17 12 18 24 22 18 12
0 1263 652 476 378 240 239 192 163 148 175 116 131 83 96 88 69 72 74 68 59 49 48 61 55 50 54 42 52 29 40 33 30 39 17 44 27 36 27 35 28 32 27 29 45 26 21 37 27 26 23 24 27 15 24 32 19 36 20 20 24 25 25 24 30 20 19 27 24 26 12 14 24 23 16 10 18 18 34 16 24 13 20 17 18 28 18 20 13 16 27 15 16 22 17 17 24 15 21 17 8
0 1229 663 436 369 265 241 176 192 148 124 118 109 91 109 104 64 96 74 65 48 63 55 42 50 61 37 63 46 42 33 40 50 21 29 38 37 29 40 33 32 31 32 32 35 40 24 34 23 24 39 25 20 22 30 30 22 31 21 18 24 27 25 25 20 20 31 16 9 28 21 12 26 26 23 25 25 15 17 31 23 25 26 22 22 40 21 32 16 13 13 18 17 11 18 32 13 16 18 13 9
0 1311 658 445 340 298 218 215 161 148 129 119 107 105 96 79 90 81 61 68 70 51 67 56 36 53 57 38 50 50 26 55 34 35 36 30 37 32 41 35 37 38 27 32 39 27 35 26 30 23 16 19 20 18 25 22 32 12 18 19 23 17 22 30 16 36 24 16 18 15 17 18 16 18 16 15 17 23 21 16 16 22 15 21 23 25 13 22 13 12 23 28 19 13 32 28 25 15 24 23 5
0 1278 653 442 338 305 227 177 169 188 162 129 103 102 89 97 74 65 76 82 68 62 53 40 58 52 62 49 47 42 39 44 40 41 26 36 41 36 47 32 30 42 36 25 45 19 32 30 26 31 30 23 30 20 25 25 16 20 23 18 26 34 19 28 24 26 21 23 19 22 20 12 24 23 19 19 18 26 14 23 14 17 24 11 19 24 18 15 25 18 22 22 14 23 12 28 25 19 27 18 11
0 1200 724 435 349 256 238 169 144 210 111 131 105 104 102 98 91 76 63 72 72 69 75 44 56 33 55 41 44 38 22 35 34 32 33 23 40 45 30 38 30 32 32 27 23 31 26 22 24 28 36 26 26 36 16 25 15 23 13 26 32 29 26 23 25 17 29 20 23 12 25 14 28 21 23 14 10 22 22 16 17 16 20 21 23 13 16 13 21 15 19 22 24 20 18 24 20 19 19 21 7
0 1260 680 529 365 268 244 193 177 135 141 126 127 122 105 91 90 72 72 67 83 74 67 65 47 53 38 42 39 43 38 36 37 28 28 28 31 29 30 34 24 24 30 34 26 26 25 25 31 34 33 29 24 24 16 28 15 24 18 21 29 41 22 27 22 27 28 20 21 18 24 22 17 16 19 26 22 18 22 22 18 14 31 23 12 18 22 33 20 17 19 24 27 18 13 25 15 9 14 21 5
0 1204 659 480 335 279 205 185 186 165 136 107 101 106 105 85 74 76 78 63 63 49 53 43 64 57 46 42 47 49 48 35 30 39 54 28 32 32 41 39 43 30 32 31 24 27 27 37 26 22 17 35 14 31 30 31 23 15 31 25 30 26 17 15 21 28 18 17 17 35 18 27 16 23 22 29 28 27 26 21 16 16 16 17 26 25 10 12 11 26 14 16 20 23 23 13 18 24 17 23 7
0 1326 703 483 393 277 207 204 162 147 122 127 110 129 84 92 67 68 72 56 66 50 59 54 56 58 46 48 53 42 44 38 26 34 38 32 38 28 31 33 31 27 29 26 45 17 32 40 31 18 21 19 22 22 21 25 22 17 18 13 36 24 28 23 22 21 27 28 24 16 25 21 31 25 26 34 17 26 19 9 16 25 21 17 18 15 12 28 19 27 27 16 18 11 15 19 21 19 10 26 0
0 1308 667 442 349 298 277 177 166 144 156 124 122 87 101 86 71 64 70 67 54 55 46 59 33 58 46 45 55 20 50 38 56 38 30 33 25 41 20 39 35 31 22 28 23 19 39 23 25 20 23 30 19 25 26 25 20 22 26 25 25 30 15 21 14 16 32 19 19 19 16 30 12 11 18 9 27 27 19 13 27 20 14 26 15 18 15 21 29 20 22 20 12 12 17 15 21 11 20 9 7
0 1227 674 453 324 279 275 189 168 139 170 114 103 102 106 72 79 76 68 70 49 66 52 52 42 47 48 45 41 38 35 44 38 28 45 37 30 37 37 40 31 27 18 32 26 31 39 26 28 29 27 21 32 28 20 32 28 23 24 16 16 28 37 26 19 25 27 28 19 21 18 20 22 23 16 15 22 16 12 22 33 17 27 15 23 13 25 28 18 20 15 13 11 24 26 17 24 19 24 31 6
0 1321 716 445 357 277 229 215 150 158 123 132 127 100 97 87 80 66 65 81 60 53 65 48 51 56 35 44 49 42 44 33 45 33 28 43 39 27 29 21 35 29 36 31 35 21 31 37 33 28 19 16 21 21 29 25 18 30 23 17 31 17 27 19 16 18 29 32 20 10 21 20 22 27 16 15 28 20 16 10 16 25 23 25 8 24 18 14 10 19 19 22 22 14 28 23 26 16 11 19 10
