# 4Nmu(intron total length)=2963.2000000000003 distribution=fixed Ns=50.0 n=100 Neutral folded SFS
0 2603 1165 627 422 277 236 163 148 85 89 57 74 54 54 39 40 18 26 21 25 26 23 18 22 13 18 13 14 14 14 16 8 5 9 10 12 10 10 4 8 6 6 9 12 11 11 6 10 6 7 7 6 7 10 1 10 8 5 6 5 8 4 3 2 6 4 6 6 6 7 1 4 7 1 6 3 2 4 5 2 3 3 1 6 3 4 5 6 5 3 3 2 5 5 2 1 2 4 1 2
0 2757 1137 636 421 299 216 166 139 110 93 96 56 44 41 41 27 33 29 13 21 23 26 16 23 15 19 12 8 10 15 6 9 6 12 15 12 8 16 8 6 12 11 5 7 7 7 6 3 9 5 6 2 1 3 9 15 4 5 11 4 6 2 5 1 2 7 8 8 7 2 0 5 3 3 4 6 3 2 2 2 2 4 8 5 5 3 1 3 3 4 4 4 0 7 2 4 4 4 5 2
0 2705 1222 696 447 274 200 173 122 117 91 96 56 58 45 41 33 37 26 18 31 27 13 17 16 21 18 18 12 11 17 9 12 8 9 7 10 9 10 5 2 9 8 6 3 8 3 5 9 4 8 7 5 9 5 6 1 4 1 4 3 3 5 7 5 2 11 6 5 4 5 3 4 2 5 4 3 5 3 2 4 5 3 3 4 9 3 4 3 1 4 4 2 4 7 7 1 0 4 5 0
0 2649 1151 700 454 319 202 169 134 98 87 73 65 54 46 33 39 32 28 20 27 24 12 22 15 19 16 19 13 12 16 13 11 7 7 11 12 7 2 8 8 13 10 6 6 3 5 2 10 7 7 4 4 4 5 4 6 3 6 3 6 4 4 5 5 6 6 3 4 3 4 3 5 2 2 2 4 2 5 0 8 2 3 2 3 6 3 1 3 6 5 5 5 3 4 3 9 4 4 2 3
0 2678 1142 663 451 306 225 160 136 96 101 76 57 61 52 44 46 36 24 21 25 22 23 19 18 19 15 6 9 9 19 11 11 10 12 7 6 11 10 6 7 6 7 11 7 9 2 2 2 8 3 3 7 8 5 0 4 3 6 5 4 4 3 7 3 5 3 4 4 1 6 5 2 6 1 5 2 4 3 2 2 1 4 2 3 2 6 4 0 4 1 7 3 2 5 1 3 3 3 4 3
0 2698 1116 606 460 294 242 165 123 106 79 71 78 47 42 46 33 27 26 31 15 24 19 14 16 22 9 15 5 17 5 14 10 8 10 13 10 3 1 9 6 11 7 6 8 4 8 6 7 8 4 1 4 5 5 4 6 4 3 7 4 2 4 5 6 6 5 5 6 4 2 6 5 5 2 3 6 2 6 2 2 4 3 5 8 3 6 0 3 5 3 0 1 6 4 4 3 4 4 2 2
0 2675 1124 686 413 294 236 168 146 116 73 79 66 47 44 45 30 34 33 25 26 23 21 24 12 19 16 14 15 11 10 5 19 14 11 8 6 7 7 14 13 8 9 6 7 6 4 9 7 8 5 3 5 6 6 5 7 4 7 6 5 5 2 6 0 6 6 3 3 3 7 9 5 4 4 0 1 4 7 4 9 4 3 3 2 4 4 5 2 4 1 6 1 3 4 3 3 2 2 4 3
0 2606 1115 668 420 291 238 191 134 108 94 77 62 57 60 41 31 37 21 20 19 26 19 30 22 18 18 11 10 11 12 7 6 9 7 8 11 11 6 6 11 3 2 5 7 10 5 6 4 6 7 3 6 5 2 7 5 5 9 0 10 6 3 6 10 3 6 8 4 3 5 2 3 7 5 1 2 5 1 6 3 2 5 4 4 3 6 4 4 2 3 1 7 7 3 1 4 2 3 3 4
0 2679 1050 669 413 326 219 156 121 102 87 63 44 66 53 38 28 30 40 31 23 11 21 24 21 19 14 8 9 8 13 10 12 8 6 6 13 11 8 4 6 4 10 4 5 1 4 8 4 1 7 7 3 7 8 6 3 7 6 6 3 4 5 1 7 5 3 2 1 4 3 7 5 5 4 5 1 1 6 4 0 1 3 3 7 2 2 4 1 0 0 1 5 6 0 2 3 2 4 6 3
0 2750 1107 693 434 283 215 197 117 99 90 74 67 48 47 31 37 40 24 20 20 26 20 23 14 14 13 12 6 10 11 6 6 11 13 8 10 6 5 5 13 7 10 7 10 9 7 2 4 9 5 6 9 4 4 8 2 8 5 2 6 5 6 7 3 7 7 9 6 6 6 6 8 6 3 2 7 1 6 7 3 0 6 3 3 3 4 6 1 3 5 4 4 1 6 3 6 4 1 5 2
0 2757 1094 606 443 303 234 157 127 115 92 63 65 36 50 46 43 30 27 23 20 23 16 20 19 22 12 6 18 9 10 16 13 6 7 9 9 9 8 9 6 9 7 7 6 15 3 10 7 5 5 4 6 2 4 7 10 5 9 6 3 4 7 4 1 6 1 5 5 2 6 2 4 6 5 4 1 4 5 3 4 5 9 3 5 8 7 8 7 2 5 1 2 1 2 3 5 5 1 4 1
0 2689 1099 674 408 289 178 161 108 111 85 57 62 61 42 40 41 38 28 31 17 15 21 17 20 22 13 15 15 12 13 12 8 8 10 8 7 5 12 8 9 9 7 5 7 3 3 6 5 5 3 4 6 7 4 5 3 7 0 4 5 4 6 5 1 5 3 1 7 2 5 1 5 2 2 0 4 4 0 2 3 1 6 4 7 3 3 6 4 4 0 4 3 2 2 7 6 1 3 5 1
0 2763 1141 630 431 293 236 190 142 113 82 78 56 50 50 43 45 36 38 25 16 22 17 13 19 23 25 11 15 10 9 6 9 5 9 8 10 10 6 10 14 13 3 11 6 6 7 5 8 7 7 6 7 3 13 3 6 5 2 9 5 3 5 8 10 6 3 6 11 2 4 3 6 5 7 3 6 2 4 3 2 1 3 1 7 0 3 3 5 7 3 1 3 8 3 1 2 7 3 5 2
0 2733 1104 621 413 276 217 159 131 98 79 83 70 57 43 35 39 25 32 20 14 26 21 18 21 17 10 10 15 12 13 4 11 8 6 9 15 8 10 6 9 12 8 7 7 4 5 6 8 6 5 9 3 6 4 3 4 2 5 5 7 4 3 6 6 4 3 9 5 3 4 7 2 2 4 5 3 1 4 7 5 2 3 3 3 0 4 2 4 4 4 4 2 7 4 4 3 4 3 2 0
0 2718 1143 662 399 304 212 173 151 92 81 65 63 59 29 40 41 29 35 28 19 19 18 19 15 25 22 13 18 12 20 5 8 8 9 11 8 12 10 11 11 6 6 7 3 9 5 3 9 7 2 9 5 3 5 4 2 7 1 6 6 7 5 11 6 5 3 1 3 7 7 6 5 2 0 3 2 5 4 6 2 4 5 4 1 2 2 4 4 5 4 5 5 3 3 6 5 4 5 3 3
0 2639 1158 662 434 303 204 176 121 102 94 88 67 56 42 36 40 26 24 22 19 22 15 10 15 20 15 13 8 12 14 10 9 8 9 9 18 8 7 10 4 8 5 5 8 6 5 10 4 9 4 1 8 5 3 2 5 6 7 4 6 4 6 6 2 4 2 7 4 5 1 3 4 1 1 5 5 4 5 6 3 9 2 8 7 3 2 11 1 2 1 3 1 5 4 9 2 5 8 2 4
0 2707 1090 697 446 313 207 179 131 87 91 61 39 51 44 37 31 27 23 27 21 15 11 17 19 10 11 20 10 5 11 14 11 11 12 7 7 7 7 6 13 5 9 9 11 4 10 8 4 4 1 8 7 6 3 10 9 7 7 4 6 6 2 4 8 2 4 5 2 2 10 4 7 5 7 1 3 6 1 5 2 2 2 6 7 3 2 3 3 2 4 4 0 1 1 2 1 5 3 3 1
0 2799 1191 676 378 308 216 182 138 109 98 68 60 46 39 37 33 41 21 29 29 16 19 16 21 16 16 10 11 16 5 9 12 8 14 14 10 5 7 6 11 9 6 8 5 6 8 8 5 8 10 7 1 6 0 5 2 5 4 4 2 3 4 4 3 4 8 4 2 4 4 5 3 5 2 4 2 4 4 5 3 3 2 3 4 4 2 2 5 2 4 4 3 2 3 2 5 3 1 2 1
0 2637 1112 690 418 309 180 151 146 111 81 61 63 42 45 47 32 30 20 20 34 18 17 20 20 13 13 10 7 13 9 15 10 12 8 10 14 11 9 9 1 6 10 9 13 9 6 4 3 11 2 8 4 4 4 3 4 7 5 6 7 4 4 4 5 5 1 4 3 2 4 5 5 5 7 7 3 4 6 3 1 4 0 4 7 3 2 4 8 4 6 4 2 7 1 5 9 2 0 4 0
0 2805 1093 673 414 292 193 165 147 122 84 77 75 52 40 43 41 37 31 26 21 17 20 25 11 21 19 19 17 7 15 12 13 10 11 10 9 14 12 7 10 6 6 8 7 4 8 4 5 3 7 1 4 4 5 2 9 3 6 8 5 7 8 5 3 4 6 2 1 8 5 6 1 4 4 8 4 4 9 0 4 4 5 4 7 3 3 3 2 2 3 4 3 7 2 2 5 4 6 2 1
