# 4Nmu(exon total length)=1036.8 distribution=fixed Ns=-10.0  n=100 Selected folded SFS
0 985 450 297 185 138 93 74 48 33 41 33 26 26 20 17 18 12 9 7 10 6 5 5 6 7 4 6 7 1 5 1 1 3 1 1 1 1 0 1 1 1 1 1 0 0 0 0 1 1 0 0 0 0 0 0 0 0 0 0 0 0 0 1 0 0 0 0 0 0 0 0 0 0 0 1 0 0 1 0 0 0 0 0 0 0 0 0 0 0 0 0 0 0 0 0 0 0 0 0 0
0 990 370 272 187 141 96 73 56 50 42 31 27 26 19 26 20 14 16 15 7 7 4 8 7 5 4 4 0 1 4 0 3 1 4 0 0 0 1 1 0 1 0 0 0 0 0 0 0 1 0 0 0 0 0 0 1 0 0 0 0 0 0 0 0 0 0 0 0 0 0 0 0 0 0 0 0 0 0 0 0 0 0 0 0 0 0 0 0 0 0 0 0 0 0 0 0 0 0 0 0
0 981 466 265 171 136 108 88 76 49 48 35 36 15 15 12 21 14 7 14 8 3 8 5 7 4 5 3 1 1 3 5 0 0 0 4 1 1 0 0 1 1 0 1 3 0 1 0 2 0 0 0 1 0 0 0 0 0 0 0 0 0 0 0 0 0 0 0 0 0 0 0 1 0 0 0 0 0 0 0 0 0 0 0 0 0 0 0 0 0 0 0 0 0 0 0 0 0 0 0 0
0 1024 449 262 178 133 106 80 64 54 43 29 31 20 20 16 12 10 16 10 11 10 6 6 2 3 3 4 4 5 4 2 3 1 1 3 1 0 0 0 0 0 0 0 0 0 1 0 0 0 0 0 0 0 0 0 0 0 0 1 0 0 0 0 0 0 0 0 0 0 0 0 0 0 0 0 0 0 0 0 0 0 0 0 0 0 0 1 0 0 0 0 0 0 0 0 0 0 0 0 0
0 979 428 272 168 152 93 86 50 56 31 39 29 21 19 12 16 8 14 14 5 6 2 5 5 13 5 6 4 2 0 2 0 1 0 1 2 2 0 0 1 1 1 2 1 1 0 0 0 1 0 0 0 1 0 0 0 0 1 0 0 0 0 0 0 0 0 0 0 0 0 0 0 0 0 0 0 0 0 0 0 0 0 0 0 0 0 0 0 0 0 0 0 0 0 0 0 0 0 0 0
0 904 430 271 175 126 88 75 65 46 35 36 33 19 22 13 13 15 13 14 7 7 5 5 5 3 8 2 3 4 3 3 1 4 1 1 3 0 2 1 2 1 1 0 1 1 0 1 1 0 0 0 0 0 0 0 0 0 0 0 1 0 0 0 0 0 0 0 0 0 0 0 1 0 0 0 0 0 0 0 0 0 0 0 0 0 0 0 0 0 0 0 0 0 0 0 0 0 0 0 0
0 996 430 260 180 133 96 76 71 64 50 41 30 27 17 25 21 11 13 11 6 9 5 3 9 3 3 3 3 2 3 0 1 2 4 1 1 1 3 0 0 0 1 0 1 0 1 1 0 0 0 0 0 0 0 0 0 0 0 1 0 0 0 0 0 0 0 0 0 0 0 0 0 0 0 0 0 0 0 0 0 0 1 0 0 0 0 0 0 0 0 0 0 0 0 0 0 1 0 0 0
0 987 417 236 189 136 112 89 73 50 38 41 33 21 22 13 17 14 17 12 10 9 7 5 6 6 3 3 2 0 1 1 2 0 0 3 1 1 1 0 1 1 0 1 0 0 1 0 1 0 0 1 0 1 0 0 0 0 0 1 0 0 0 0 0 0 0 0 0 0 0 0 0 0 0 0 0 1 0 0 0 0 0 0 0 0 0 0 0 0 0 0 0 0 0 0 0 0 0 0 0
0 965 450 222 178 139 99 77 63 50 35 29 19 19 19 16 8 15 9 8 10 6 3 6 6 1 7 2 3 1 4 2 1 2 1 1 2 1 2 0 1 3 1 1 0 0 0 0 0 0 1 0 0 0 0 0 0 0 0 0 0 0 0 0 0 0 0 1 0 0 0 0 0 0 0 0 0 0 0 0 0 1 0 0 0 0 0 0 0 0 0 0 0 0 0 0 0 0 0 0 0
0 981 410 239 171 130 136 71 51 47 46 27 26 20 22 14 20 14 18 16 7 9 7 8 5 4 3 5 4 4 2 1 4 2 0 0 3 0 1 2 0 1 0 0 1 0 0 0 0 0 0 0 0 1 0 0 0 0 0 0 0 0 0 0 0 0 0 0 0 0 0 0 0 0 0 0 0 0 0 0 0 0 0 0 0 0 0 0 0 0 0 0 0 0 0 0 0 0 0 0 0
0 942 419 254 177 128 100 81 66 63 36 34 33 22 15 14 16 16 7 9 6 3 6 8 5 7 4 6 4 2 4 0 2 1 1 2 1 3 0 0 3 1 0 0 1 0 0 0 1 0 0 0 0 0 0 0 0 0 0 0 0 0 0 0 0 0 0 0 0 0 0 0 0 1 0 0 0 0 0 0 0 0 0 0 0 0 0 0 0 0 0 0 0 0 0 0 0 0 0 0 0
0 954 448 249 185 128 76 69 59 40 48 33 28 23 22 13 10 9 10 9 12 4 4 3 7 1 8 2 5 1 1 7 2 3 1 2 0 1 1 0 1 0 0 1 0 1 0 0 0 0 0 0 0 0 0 0 0 0 0 0 0 0 1 0 0 0 0 0 0 0 0 0 0 0 1 0 0 0 0 0 0 0 0 0 0 0 0 0 0 0 0 0 0 0 0 0 0 0 0 0 0
0 984 414 230 164 132 104 74 54 53 44 43 28 24 29 19 13 13 12 8 11 7 8 7 5 4 2 5 1 4 1 0 0 0 1 2 1 0 0 0 2 2 0 0 0 1 0 0 0 0 0 1 0 0 0 0 0 0 0 0 0 0 0 0 0 0 0 0 0 0 0 1 0 0 0 0 0 0 0 0 0 0 0 0 0 0 0 0 0 0 0 0 0 0 0 0 0 0 0 0 0
0 930 448 287 168 124 96 73 63 53 41 36 28 25 22 18 17 14 8 11 7 9 7 6 3 10 4 5 5 2 4 2 4 1 1 0 3 2 0 1 0 0 1 0 0 1 0 0 0 0 1 1 0 0 0 0 0 0 0 0 0 0 0 0 0 0 0 0 0 0 0 0 0 0 0 0 0 0 0 0 0 0 0 0 0 0 0 0 0 0 0 0 0 0 0 0 0 0 0 0 0
0 981 413 249 172 132 108 74 55 41 36 30 27 27 19 15 8 9 12 7 12 10 7 8 5 5 5 1 1 4 3 1 5 4 1 1 0 1 1 1 0 1 1 1 0 0 1 0 0 0 0 1 0 0 0 0 0 0 0 0 0 0 0 0 0 1 0 0 0 0 0 0 0 0 0 0 0 0 0 0 0 0 0 0 0 0 0 0 0 0 0 0 0 0 0 0 0 0 0 0 0
0 963 439 265 183 138 109 83 70 52 39 20 26 20 31 11 11 11 6 10 8 9 7 7 6 1 2 1 2 3 3 0 1 1 2 1 1 0 0 1 0 0 1 1 0 0 0 0 1 1 0 0 0 0 0 0 0 0 1 0 1 0 0 0 0 0 0 0 0 0 0 0 0 0 0 0 0 0 0 0 0 0 0 0 0 0 0 0 0 0 0 0 0 0 0 0 0 0 0 0 0
0 975 452 296 187 117 96 69 63 46 36 33 24 26 15 11 12 19 13 9 4 11 1 6 5 7 3 6 3 2 3 2 1 1 2 1 1 1 2 0 1 1 2 1 1 1 0 0 1 0 1 0 0 0 1 0 0 0 0 0 0 0 0 0 0 0 2 0 1 0 0 0 0 0 0 0 0 0 0 0 0 0 0 0 0 0 0 0 0 0 0 0 0 0 0 0 0 0 0 0 0
0 961 459 242 151 146 109 76 61 41 43 37 27 19 18 16 18 13 11 5 8 9 12 3 4 4 3 2 6 2 1 2 3 2 3 2 1 0 0 1 1 0 0 1 0 1 0 1 0 0 1 1 0 0 1 0 0 0 0 0 0 0 0 0 0 1 0 1 1 0 0 0 0 0 0 0 0 0 0 1 0 0 0 0 0 0 0 0 0 0 0 0 0 0 0 0 0 0 0 0 0
0 936 450 240 189 116 89 75 67 50 43 39 22 25 21 20 13 12 7 13 11 7 17 5 7 4 3 8 3 2 2 3 4 0 2 0 0 3 0 0 0 0 0 1 1 1 0 0 0 0 0 0 0 0 0 1 0 0 0 0 0 0 0 0 0 0 0 0 0 0 0 0 0 0 0 0 0 0 0 0 0 0 0 0 0 0 0 0 0 0 0 0 0 0 0 0 0 0 0 0 0
0 991 439 274 181 145 105 75 67 50 36 25 25 22 18 28 15 14 9 11 11 13 2 5 2 3 5 5 1 0 3 0 2 4 2 2 1 0 1 0 1 1 0 1 0 3 0 0 1 0 0 0 1 0 0 0 0 0 0 0 0 0 0 0 0 0 0 0 0 0 1 0 0 0 0 1 0 0 0 0 0 0 0 0 0 0 0 0 0 0 0 0 0 0 0 0 0 0 0 0 0
