# 4Nmu(intron total length)=2963.2000000000003 distribution=fixed Ns=-10.0 n=100 Neutral folded SFS
0 2974 1553 943 743 571 417 419 405 361 332 272 272 215 242 220 188 182 170 164 148 163 123 132 162 158 130 124 128 94 78 124 88 89 104 109 109 85 104 94 88 88 100 83 73 85 83 58 77 66 81 53 64 49 57 52 66 49 65 73 86 70 68 67 40 79 46 40 47 63 73 71 43 48 55 60 56 57 51 53 74 57 49 47 49 55 67 49 62 55 47 48 36 52 57 51 44 35 39 32 19
0 3083 1492 912 708 535 459 406 387 333 369 296 282 232 200 196 156 203 171 137 157 134 115 128 130 114 108 94 129 87 97 127 91 96 81 89 73 85 89 72 90 106 66 102 85 64 73 79 65 53 82 65 82 58 76 59 70 72 64 56 50 58 76 63 59 60 69 60 85 64 66 34 57 55 58 71 52 38 51 63 51 56 56 50 79 64 55 66 54 54 47 43 50 82 48 53 42 52 57 60 40
0 2962 1490 970 774 573 475 434 344 315 289 263 268 234 228 218 209 154 168 173 160 166 151 136 136 121 108 122 92 85 114 102 83 96 101 75 76 80 95 74 83 78 91 92 91 87 75 64 87 96 76 83 59 66 98 74 70 69 80 50 49 58 57 78 59 53 59 61 68 45 56 64 53 43 42 71 59 49 58 64 46 55 47 69 48 73 54 54 53 54 40 69 49 49 51 69 63 48 52 29 26
0 3035 1453 975 782 614 519 382 385 314 280 291 219 224 244 220 183 174 194 170 194 131 155 137 152 124 114 114 118 99 113 105 113 106 99 113 75 112 83 84 87 78 86 55 80 85 72 68 51 63 72 65 72 50 55 74 74 50 71 75 60 61 62 70 49 47 59 54 47 54 46 40 47 55 52 83 64 60 58 59 63 67 54 34 51 69 53 46 44 69 58 39 44 56 62 52 49 62 58 64 24
0 2987 1461 1012 741 579 496 460 391 273 280 261 264 207 207 204 156 180 162 158 177 144 152 150 150 122 129 101 123 128 121 121 89 107 98 108 100 94 75 67 81 88 84 88 83 61 96 66 93 99 62 63 99 64 82 80 71 88 55 40 64 54 76 79 63 54 61 66 74 80 58 72 61 43 75 47 54 59 64 41 60 58 43 51 46 58 51 53 59 52 65 50 51 67 44 33 59 60 69 64 27
0 2973 1543 1008 757 575 470 395 311 324 313 266 237 212 215 232 187 174 168 175 157 171 141 129 142 141 117 104 128 128 134 73 110 126 94 84 108 88 63 96 74 83 105 82 87 90 81 72 78 99 64 65 67 68 65 84 57 58 68 53 62 50 61 49 69 52 67 64 54 58 60 87 57 48 64 66 46 53 57 64 63 60 45 63 53 59 51 54 40 63 55 46 49 40 39 43 40 57 46 51 33
0 2975 1476 1036 651 591 458 461 362 350 351 274 226 231 219 218 227 175 175 151 190 138 132 123 109 150 158 100 104 112 111 115 80 122 89 72 78 132 94 85 64 88 62 81 90 77 87 53 56 50 51 56 69 67 50 70 57 70 46 62 52 56 51 54 61 50 80 70 50 59 52 75 74 56 59 51 57 65 69 54 76 44 55 67 65 61 67 46 74 47 57 37 52 47 46 62 49 51 56 54 29
0 2951 1514 985 728 548 434 413 362 344 355 272 265 225 207 196 230 173 172 129 132 129 127 122 155 85 112 123 115 123 106 95 114 93 83 109 106 103 94 76 88 78 73 91 74 57 74 88 65 76 55 79 81 56 57 77 54 44 81 65 61 67 71 61 52 64 52 46 48 52 54 35 53 68 69 71 62 54 49 56 68 62 54 56 55 38 56 62 54 43 56 52 57 62 55 51 79 45 52 46 23
0 2928 1547 1016 770 600 516 425 368 254 319 276 266 219 207 195 219 172 163 181 147 139 120 118 117 125 127 149 98 110 94 78 83 97 93 105 97 110 90 84 84 80 92 82 78 81 62 61 65 81 84 43 66 82 77 77 65 60 47 67 60 55 83 49 66 46 39 62 74 71 64 48 63 53 62 46 53 48 50 56 62 36 56 50 53 37 64 51 65 51 51 40 53 44 41 63 60 60 51 53 34
0 3021 1540 958 682 568 470 451 394 359 286 261 252 220 207 206 205 213 148 158 124 142 158 107 139 119 122 107 102 111 98 115 90 86 82 105 82 75 99 83 87 69 82 73 73 62 84 58 66 61 80 76 87 74 55 66 54 61 61 60 70 48 70 78 32 51 73 63 57 75 57 52 62 44 64 49 63 51 61 70 60 57 54 61 65 60 53 49 51 44 59 56 59 47 60 50 41 54 58 68 32
0 2976 1420 1038 722 616 535 420 389 344 308 273 259 216 230 186 215 162 152 191 147 140 174 142 133 111 122 119 129 110 116 81 91 114 120 81 111 106 86 74 88 74 68 82 63 78 94 70 65 76 80 42 64 73 49 66 62 67 62 45 65 77 47 49 67 60 53 58 65 90 55 61 60 51 54 49 70 63 63 43 47 47 61 66 57 71 52 50 47 47 39 37 56 48 59 41 40 36 38 55 16
0 2861 1470 1008 743 615 470 428 406 368 277 270 245 249 215 179 222 180 157 147 123 126 158 133 138 135 113 96 93 112 76 104 99 99 85 84 78 81 95 63 57 99 85 97 70 76 71 85 60 53 72 68 56 81 71 65 48 79 55 70 53 56 62 83 76 68 51 61 55 58 41 61 54 55 51 46 41 45 38 53 60 64 40 51 59 56 62 63 59 61 76 57 34 50 45 40 50 63 56 43 27
0 2797 1517 1027 712 608 509 448 389 302 295 257 239 271 209 213 200 173 178 152 183 146 157 146 107 119 130 113 113 90 112 113 117 105 90 98 96 92 74 77 85 99 69 73 80 79 64 70 52 58 78 71 86 74 57 73 67 77 54 61 66 52 45 81 77 58 65 62 69 61 43 51 41 69 53 59 55 41 60 67 45 48 48 72 45 53 63 44 44 67 53 57 56 66 50 57 71 60 59 44 37
0 3028 1549 944 723 630 468 473 346 283 326 259 284 214 217 261 175 194 145 153 164 130 142 116 127 133 135 120 132 88 90 94 98 101 86 107 91 95 87 80 94 98 80 63 81 83 80 77 76 66 82 60 64 71 63 54 48 67 56 44 62 52 53 71 51 43 69 58 54 50 81 78 53 60 58 63 67 58 47 86 68 59 40 57 34 56 50 57 57 51 70 45 60 62 57 68 60 78 68 42 26
0 2953 1575 967 731 558 470 387 401 314 293 275 240 214 201 205 196 182 170 161 180 140 130 135 132 123 105 104 109 100 105 107 114 105 112 89 88 93 104 104 89 88 83 68 78 61 63 79 78 80 72 87 70 48 79 59 58 52 58 63 71 56 76 79 67 69 72 53 50 54 45 51 69 71 36 63 81 51 66 53 63 73 78 52 60 77 54 54 55 59 53 64 60 51 60 50 55 61 52 55 37
0 3094 1459 1028 778 607 534 414 391 329 257 242 203 230 217 166 226 190 131 150 163 128 120 124 157 124 128 103 99 136 101 108 91 120 75 104 68 78 93 105 63 83 79 69 88 67 66 69 90 91 63 77 57 87 64 60 59 73 70 85 64 55 66 62 42 59 54 68 61 78 58 65 60 57 61 62 53 43 37 37 67 55 53 42 53 31 48 40 46 64 69 59 65 54 52 46 40 47 52 59 22
0 2970 1492 1026 755 573 499 394 373 341 320 254 186 235 190 187 204 197 206 168 146 171 136 134 111 103 89 104 88 94 105 93 103 90 105 70 93 87 82 63 97 93 77 63 70 64 63 65 79 55 75 79 76 80 67 69 58 77 43 60 64 73 70 61 66 66 69 43 70 33 63 47 43 50 57 67 61 57 56 80 49 53 64 34 42 70 65 48 54 63 58 64 61 62 62 51 47 44 72 65 30
0 2976 1488 995 726 586 533 433 344 335 299 299 249 239 172 207 183 179 197 152 160 151 103 110 130 117 88 113 109 99 98 93 112 89 88 113 115 100 87 80 69 68 83 82 49 66 81 60 82 72 62 64 48 55 68 55 75 72 80 70 61 78 64 42 63 62 56 58 77 60 73 53 79 66 50 65 58 66 57 36 46 60 46 50 42 52 62 52 46 62 52 58 60 43 56 52 54 62 44 53 28
0 2988 1423 949 715 599 500 429 337 308 320 247 280 229 189 224 197 187 166 188 140 154 132 134 119 151 113 121 96 102 118 128 107 98 101 111 95 97 87 69 80 83 86 69 83 101 63 65 71 74 75 73 82 72 64 52 60 70 50 54 59 70 63 71 69 48 55 53 69 55 56 58 55 40 65 67 75 64 54 58 67 66 56 58 59 55 47 54 46 64 40 53 49 38 53 43 42 42 52 43 34
0 3048 1532 978 711 607 453 397 382 358 262 236 228 203 214 241 175 159 160 192 142 144 129 115 136 129 105 116 166 124 109 78 94 102 84 87 95 89 79 97 85 99 82 85 92 58 59 90 66 68 86 68 72 51 68 53 75 50 71 89 73 66 81 65 58 50 67 93 49 54 41 69 65 70 58 49 51 73 51 40 32 49 56 41 60 71 57 35 42 44 39 34 49 48 53 56 58 66 46 61 24
