# 4Nmu(intron total length)=2963.2000000000003 distribution=fixed Ns=10.0 n=100 Neutral folded SFS
0 2912 1425 936 663 533 386 324 282 247 260 211 168 143 135 124 135 98 82 114 77 76 70 63 65 62 58 53 51 47 43 45 42 37 40 35 30 37 33 39 34 33 31 30 21 27 30 31 26 26 18 42 28 22 16 8 14 18 22 25 23 29 23 21 24 15 15 12 15 12 14 18 15 17 16 15 16 16 21 7 17 13 14 9 18 11 14 12 11 11 19 14 18 6 10 17 14 20 19 8 11
0 3072 1320 901 728 548 399 350 290 249 192 208 173 140 158 135 101 113 96 111 74 79 79 75 54 60 53 51 57 44 49 47 32 49 31 39 51 34 37 34 32 28 32 26 25 33 31 28 27 21 25 24 25 20 21 20 15 25 23 20 25 17 18 23 13 15 25 17 18 18 9 16 12 11 10 14 13 12 11 22 19 10 17 13 10 18 12 21 16 14 11 5 14 9 12 15 12 7 10 8 5
0 2833 1473 946 687 531 396 381 299 225 224 227 168 166 147 136 94 90 82 86 76 73 78 63 84 72 55 45 32 53 66 58 36 43 27 30 37 31 36 24 21 30 21 25 37 36 22 22 22 23 15 30 26 29 11 17 20 36 15 21 16 9 19 10 16 18 18 16 17 17 9 11 8 15 17 16 12 13 19 17 16 17 10 11 9 12 9 20 14 13 13 12 13 16 10 7 14 7 9 7 3
0 2938 1398 916 688 531 459 349 313 253 208 197 183 147 157 142 116 104 99 87 68 74 85 65 63 73 59 51 47 58 41 45 29 42 25 42 44 34 31 39 36 20 30 31 29 28 26 19 18 28 22 17 29 34 25 17 18 29 19 22 17 22 20 17 18 15 18 23 17 16 25 16 11 16 14 15 12 19 8 15 14 11 10 17 13 10 29 8 14 12 9 10 22 23 10 10 13 18 12 13 5
0 2928 1445 915 706 552 467 368 347 274 200 165 151 140 144 151 120 92 104 74 88 84 80 79 63 54 68 56 47 38 46 54 39 33 50 44 33 40 34 35 39 41 27 40 29 25 30 22 21 38 17 22 15 16 12 17 22 16 20 21 19 12 14 16 17 23 17 15 21 21 9 16 10 19 20 26 16 14 16 17 11 18 7 19 20 10 12 10 20 11 12 13 19 13 17 12 13 7 24 11 6
0 2970 1389 922 635 482 426 361 300 253 237 201 195 179 158 121 118 107 108 85 87 67 87 63 65 49 63 43 56 49 37 52 48 44 37 53 38 41 34 40 22 33 30 34 23 29 22 35 24 19 31 18 27 23 18 18 15 16 17 23 14 26 17 12 16 16 22 19 16 12 8 18 19 25 14 10 7 7 20 17 14 16 14 23 20 10 15 14 14 20 16 22 20 15 13 15 19 13 14 13 3
0 2967 1485 914 691 533 398 377 281 253 241 163 154 163 142 139 100 120 108 92 86 81 72 69 66 72 45 49 42 50 56 40 33 29 34 41 24 50 31 34 31 24 31 21 35 20 24 21 25 23 12 29 21 30 17 21 19 24 24 20 19 12 18 21 19 22 15 17 17 15 11 14 22 28 13 17 12 10 9 22 11 5 11 16 20 19 18 14 13 10 9 9 9 15 13 14 14 12 12 13 6
0 2953 1439 899 669 515 435 376 347 314 228 200 187 167 122 143 121 91 99 109 77 73 74 69 57 63 58 47 51 50 77 40 38 38 36 26 34 28 29 27 33 22 38 28 23 31 21 17 19 29 17 21 19 23 20 19 15 26 15 20 22 16 11 18 17 9 16 16 21 17 17 16 20 18 16 19 10 16 18 19 18 16 13 10 18 12 14 16 23 16 16 13 19 23 22 6 12 25 17 15 11
0 2979 1472 994 696 522 436 350 259 250 213 204 166 132 140 114 105 106 81 84 82 86 78 69 73 65 53 64 44 53 44 56 41 48 43 50 33 35 44 39 49 29 31 32 24 26 28 26 18 18 26 12 14 27 29 18 31 22 26 23 25 19 21 18 18 21 24 19 19 11 25 9 15 14 15 13 20 8 15 23 14 14 7 13 12 12 13 12 18 15 13 20 16 12 9 13 9 15 17 13 6
0 2948 1398 914 689 558 391 359 283 253 224 204 195 139 139 118 121 155 90 108 86 70 78 76 71 48 62 49 48 55 49 57 36 38 37 28 31 36 29 38 32 20 18 27 25 33 26 31 17 13 24 23 21 28 24 19 23 20 13 16 16 20 13 17 14 21 17 17 19 12 10 18 14 9 17 6 21 16 16 25 21 21 15 14 11 11 21 25 10 12 20 11 15 18 14 6 12 14 12 11 9
0 2996 1400 884 679 558 399 346 274 260 239 202 162 157 113 110 117 115 97 91 91 92 82 89 50 68 51 53 40 41 44 37 30 39 43 33 23 25 20 41 23 29 26 31 31 25 31 25 22 24 16 17 24 21 28 17 19 18 15 27 28 19 15 16 21 20 17 28 19 15 16 11 12 12 17 12 11 16 12 18 17 12 13 17 14 15 10 9 14 15 10 9 11 17 21 13 9 15 7 12 7
0 2916 1465 942 633 503 455 371 284 283 232 196 171 178 134 139 103 111 82 106 101 80 62 80 58 66 51 59 49 47 44 47 41 50 39 35 49 31 28 37 30 27 29 24 25 33 28 23 26 24 27 21 14 20 22 18 17 23 17 22 15 12 29 18 20 16 16 16 23 21 22 21 14 12 15 13 19 17 16 25 13 11 16 14 10 20 16 10 9 13 8 17 16 13 12 8 5 13 12 11 5
0 2992 1429 877 666 514 389 349 293 262 220 195 171 156 140 125 139 124 103 113 81 76 57 76 75 42 54 55 49 53 43 45 49 45 47 33 37 26 29 27 27 33 23 34 33 26 38 25 19 18 19 23 29 22 17 11 21 15 22 12 18 16 18 22 22 22 25 14 19 20 14 20 25 17 18 14 8 17 9 17 19 13 14 12 14 16 8 11 13 18 10 11 15 12 18 8 15 8 7 14 7
0 2845 1448 1010 680 522 432 318 280 276 238 174 186 160 145 133 108 125 98 128 96 90 54 77 75 63 53 53 49 61 63 53 36 41 39 32 38 30 34 37 29 26 24 36 23 16 35 22 21 23 33 22 18 18 31 20 26 18 17 23 20 21 17 21 13 14 20 20 21 15 13 15 24 20 20 11 20 20 15 19 15 15 15 17 14 7 7 10 17 14 11 15 10 16 13 7 10 12 13 14 9
0 2949 1450 926 674 562 410 361 285 242 208 184 181 150 170 151 131 106 100 71 86 70 74 89 61 49 70 56 54 52 58 47 50 42 51 43 38 39 33 34 28 36 38 26 20 27 29 16 27 23 21 19 29 24 21 25 28 23 15 22 19 26 22 19 18 22 14 17 16 23 11 15 14 12 13 29 17 15 14 10 20 23 11 11 16 11 13 14 13 17 13 12 10 12 11 14 8 20 9 12 6
0 2876 1474 948 624 526 401 400 298 249 223 216 197 147 151 122 133 96 98 93 86 74 79 76 67 66 85 59 54 41 41 34 51 45 38 52 35 33 24 42 30 33 26 49 16 31 23 27 36 20 30 29 19 26 18 22 21 14 21 18 25 27 13 13 20 15 17 21 13 27 19 17 24 18 7 17 20 18 17 14 20 15 22 20 12 11 13 14 23 16 12 18 14 11 17 20 17 13 21 30 9
0 3043 1410 936 618 530 405 341 278 257 218 198 164 155 157 141 85 109 103 101 77 69 89 80 65 58 52 57 56 39 43 44 46 35 35 21 28 47 33 29 37 23 36 22 29 27 23 19 26 18 17 16 19 25 18 32 20 24 23 18 19 21 16 15 14 12 22 30 17 8 13 12 12 14 22 14 19 17 20 16 19 19 8 16 19 14 15 6 10 11 18 22 12 11 16 18 23 14 11 5 6
0 3062 1418 935 685 584 472 357 275 243 219 211 206 171 118 128 126 115 99 84 80 71 59 77 71 72 76 46 58 69 51 24 32 49 54 33 40 32 33 33 31 22 44 17 31 27 17 27 25 18 26 27 24 18 19 19 16 17 26 22 17 20 10 19 15 31 16 18 18 19 10 11 15 11 15 19 26 20 9 15 20 12 11 8 11 12 12 13 9 13 19 19 11 13 18 14 13 8 10 10 14
0 2953 1384 973 666 556 462 361 301 286 196 207 177 190 141 121 109 112 95 95 94 89 70 63 78 60 58 53 56 38 40 37 47 51 34 38 26 32 24 29 25 36 25 27 32 29 19 31 27 18 21 19 19 20 19 15 22 15 22 11 21 20 12 17 10 17 19 10 17 14 17 15 15 6 18 10 17 13 10 12 13 12 12 19 14 11 12 7 15 13 13 6 11 9 16 11 8 14 17 12 9
0 2992 1379 976 741 557 417 388 294 272 229 201 161 142 120 134 124 116 93 85 87 80 87 85 76 63 68 51 52 60 50 42 44 34 38 31 26 34 33 42 36 31 30 28 32 32 38 22 26 26 21 24 26 24 31 9 29 16 31 35 29 16 13 20 16 13 15 16 14 19 16 15 12 21 10 15 16 23 16 12 16 9 10 12 15 21 12 11 22 14 11 13 13 16 19 14 12 14 15 26 7
