# 4Nmu(exon total length)=1036.8 distribution=fixed Ns=10.0  n=100 Selected folded SFS
0 1140 590 417 322 261 225 197 159 143 144 108 114 76 104 89 82 93 113 78 60 76 63 58 69 50 52 53 53 55 50 53 35 60 67 50 44 41 32 55 54 39 28 46 25 31 30 32 34 41 39 25 27 36 38 45 32 21 34 45 34 25 35 17 29 22 32 13 20 31 27 29 24 22 26 40 27 30 28 29 24 29 25 24 32 32 12 15 18 18 22 20 37 30 26 18 21 32 18 24 11
0 1090 591 422 296 240 236 184 170 145 148 134 97 109 104 108 82 70 98 74 85 57 48 62 77 67 51 53 45 58 29 43 35 47 36 48 31 58 42 36 34 31 41 36 37 48 33 30 43 43 27 30 32 29 40 24 36 27 17 31 26 21 20 23 35 28 23 19 34 36 31 29 27 30 20 36 27 25 34 20 24 21 31 30 18 23 20 24 17 32 16 23 28 21 26 20 24 29 29 20 4
0 1086 613 414 363 222 215 202 189 145 115 126 133 117 100 94 75 71 79 68 77 73 73 58 56 55 54 61 47 54 56 47 38 42 44 37 39 39 31 43 54 32 37 28 47 29 26 30 38 38 30 24 24 25 37 26 25 25 30 23 17 33 29 27 27 36 33 37 24 29 25 21 20 32 32 18 41 17 30 24 17 30 28 17 18 24 18 12 24 19 22 16 32 25 26 22 17 25 23 23 9
0 1084 581 447 283 271 196 178 191 152 155 136 132 132 114 110 80 79 81 79 50 80 67 47 64 58 59 50 67 44 54 65 42 33 40 35 52 42 42 41 56 32 31 35 29 40 45 24 39 31 24 24 33 27 38 31 21 29 25 50 25 22 30 39 28 32 28 34 22 13 31 20 22 22 28 24 17 16 26 16 19 25 30 22 24 19 24 19 26 19 16 20 28 23 16 26 16 19 30 34 17
0 1057 576 420 324 287 210 189 189 182 142 125 103 114 83 106 98 67 72 69 64 69 63 73 67 73 57 48 50 56 34 39 42 39 42 47 31 35 37 41 44 29 28 27 37 23 27 27 38 30 36 31 39 25 36 27 36 19 31 41 36 34 22 18 24 28 23 32 22 27 19 34 35 29 28 19 25 27 30 28 23 32 22 15 24 28 23 15 29 20 15 13 23 23 13 35 31 18 22 25 7
0 1160 574 430 299 244 195 181 180 158 119 104 115 103 102 97 85 64 78 76 72 71 66 61 55 55 55 69 40 62 54 47 29 39 30 38 51 51 47 32 55 35 45 45 37 32 29 38 28 28 27 30 37 45 40 26 29 37 33 40 25 30 23 35 32 24 25 24 29 24 25 30 16 33 25 25 22 23 30 26 21 30 21 26 28 26 34 18 24 11 33 15 20 23 30 17 36 14 18 25 5
0 1146 613 384 327 288 205 195 155 134 140 155 116 100 91 88 96 69 78 75 50 72 65 58 57 61 46 55 51 43 37 35 60 53 44 50 45 45 53 41 53 39 30 39 34 22 32 26 47 30 41 32 29 37 27 39 32 31 35 59 46 34 14 27 32 15 34 25 36 28 26 26 41 23 25 37 28 22 23 23 22 27 22 27 29 25 25 22 14 22 20 25 31 12 15 18 24 15 27 26 8
0 1079 609 386 304 272 230 215 132 193 126 121 120 93 107 106 105 103 72 66 79 73 59 68 50 67 58 45 68 44 47 52 63 44 40 32 41 40 30 27 29 31 36 33 33 52 35 35 25 29 32 30 33 38 28 28 27 26 20 21 29 27 41 36 25 34 19 23 23 15 22 22 23 15 21 15 20 23 14 29 24 26 27 18 28 30 31 30 42 28 16 17 28 20 21 36 22 21 24 18 10
0 1155 606 408 323 258 207 205 180 141 138 142 102 133 95 83 86 78 81 71 63 72 57 62 45 54 52 42 61 42 64 53 46 46 48 48 49 53 56 54 26 39 32 29 33 47 15 32 31 27 24 31 15 34 30 37 28 30 23 20 30 40 23 26 26 30 29 30 23 24 39 36 37 34 16 29 16 22 29 24 31 19 19 31 24 12 22 19 28 34 29 35 37 31 18 21 18 19 11 21 11
0 1111 548 394 303 217 221 206 171 164 165 119 111 134 89 80 77 87 80 69 73 72 65 70 62 61 63 62 43 51 51 42 69 55 55 31 49 39 43 35 44 30 27 39 29 41 39 28 39 22 35 30 29 23 33 44 21 21 31 29 33 28 27 37 26 30 35 21 46 21 33 27 22 30 35 31 12 20 23 17 28 20 23 16 26 13 26 25 13 24 24 33 35 21 25 27 20 31 27 20 17
0 1172 607 427 310 263 180 212 126 136 152 138 100 105 89 94 94 101 72 69 71 82 61 71 44 60 61 63 59 40 40 48 54 64 49 43 38 38 26 34 31 41 25 28 35 44 48 32 35 42 28 35 40 25 28 35 18 24 30 25 36 17 28 25 25 15 30 48 29 19 24 20 32 33 29 20 39 30 26 13 32 32 32 17 23 21 16 23 22 22 29 31 22 19 26 32 20 25 18 24 6
0 1166 573 375 306 238 207 167 181 136 153 138 124 113 105 113 99 85 80 70 81 97 64 62 56 63 73 61 48 66 44 53 46 34 49 46 57 48 46 29 39 35 37 38 31 37 43 26 28 37 27 28 30 26 26 29 35 30 25 23 29 27 18 31 26 31 28 32 22 33 20 38 36 38 25 26 28 21 24 25 28 22 21 20 21 14 22 23 19 27 18 16 16 18 28 27 13 27 19 17 14
0 1150 605 389 323 269 245 210 146 143 120 149 101 90 98 106 102 85 87 70 75 67 94 77 68 58 49 41 52 51 47 47 50 54 36 40 39 31 36 43 36 39 39 30 31 31 30 38 22 37 39 32 29 33 30 26 27 26 21 27 34 28 34 21 26 20 23 19 28 22 18 28 18 10 32 23 32 37 15 26 29 13 22 27 15 26 22 18 16 32 32 19 18 22 27 22 34 29 31 22 13
0 1125 629 406 282 251 243 199 198 158 163 115 131 124 118 77 95 72 79 59 72 77 85 54 60 59 78 64 53 67 40 32 47 48 45 52 46 32 42 35 37 27 47 38 42 39 30 43 34 37 26 26 38 24 33 30 27 11 31 26 36 25 36 36 23 38 14 30 24 27 26 31 21 24 35 32 32 22 31 27 18 22 32 26 22 16 21 26 16 29 22 16 21 31 35 10 21 15 17 17 13
0 1177 610 385 250 297 207 161 185 146 158 106 115 120 91 89 114 95 77 84 72 66 54 70 53 73 44 58 60 57 46 48 56 54 34 32 45 35 42 45 37 33 34 56 32 35 35 36 32 34 47 33 30 43 31 37 33 28 32 27 30 28 32 29 14 30 20 22 22 26 24 32 25 26 28 29 29 33 19 17 23 37 32 22 22 29 16 34 21 23 21 21 22 30 10 22 16 25 22 21 7
0 1182 578 376 293 258 233 187 175 145 144 119 134 102 98 99 72 86 76 93 82 74 69 82 56 60 48 49 66 62 56 54 39 51 44 38 42 53 56 50 34 31 40 46 52 44 39 37 37 45 31 35 29 33 28 34 28 25 38 29 28 31 18 30 25 32 32 30 36 24 36 26 28 26 27 23 39 28 24 26 31 24 37 18 27 33 18 30 23 33 19 41 25 26 32 26 30 33 15 21 8
0 1123 578 409 347 252 250 172 198 157 131 128 109 85 122 102 82 80 80 67 61 68 73 63 52 74 63 54 39 41 55 58 43 26 52 47 36 49 43 50 35 31 42 36 31 33 29 30 42 24 43 29 40 35 19 33 28 39 27 33 31 25 28 17 19 33 25 28 23 17 25 20 17 36 27 23 22 15 16 25 30 21 22 19 28 18 25 30 22 22 11 24 12 19 21 23 20 29 24 27 8
0 1112 578 417 347 233 208 214 155 159 132 112 117 110 82 116 83 83 80 79 87 72 69 54 69 62 52 37 56 53 49 42 55 47 49 51 26 40 48 32 37 41 32 44 44 36 33 33 35 35 28 28 53 28 30 25 30 31 32 19 37 37 19 21 28 35 24 31 29 32 19 27 23 27 23 23 29 24 20 21 20 22 14 24 19 17 31 27 26 31 19 15 22 34 19 18 20 21 30 24 9
0 1163 610 369 304 262 204 158 157 147 151 119 122 118 82 103 94 91 73 81 105 71 61 64 65 44 56 56 55 45 51 75 40 50 27 34 45 37 32 40 37 44 27 34 32 45 30 39 25 35 29 27 33 27 30 31 32 28 27 29 27 19 23 30 25 15 26 32 21 27 21 19 16 20 17 16 18 18 16 21 19 18 23 19 19 24 27 16 11 21 19 26 33 22 23 15 28 28 19 22 2
0 1083 626 429 308 280 188 210 160 140 116 162 107 105 102 115 101 86 78 64 91 68 78 52 64 68 53 56 73 51 61 54 42 46 51 49 34 45 32 39 44 42 37 37 33 37 32 30 35 46 37 24 32 38 34 38 25 25 34 35 26 20 16 24 28 33 31 25 24 29 17 14 16 17 24 24 23 20 28 30 18 20 29 25 26 15 14 27 13 26 17 24 16 32 12 23 30 27 31 26 15
