CHISQcheck_ratioPRF

Command line: -o LowQ -y chi2 -b -f -k 500 -n 100 -s 1 -p 50 -q 50

AUC: None
  CumProb        2Delta       chi^2    chi^2_Prob
    0.002   0             0              0
    0.004   0             0.0888062      0.2343
    0.006   0             0.177612       0.326567
    0.008   0             0.266419       0.394256
    0.01    0             0.355225       0.44883
    0.012   0             0.444031       0.494817
    0.014   0             0.532837       0.534584
    0.016   0             0.621644       0.569563
    0.018   0             0.71045        0.600705
    0.02    0             0.799256       0.628684
    0.022   0             0.888062       0.653997
    0.024   0             0.976868       0.677027
    0.026   0             1.06567        0.698076
    0.028   0             1.15448        0.717387
    0.03    0             1.24329        0.735162
    0.032   0             1.33209        0.751567
    0.034   0             1.4209         0.766745
    0.036   0             1.50971        0.780816
    0.038   0             1.59851        0.793886
    0.04    0             1.68732        0.806045
    0.042   0             1.77612        0.817374
    0.044   0             1.86493        0.827943
    0.046   0             1.95374        0.837815
    0.048   0             2.04254        0.847046
    0.05    0             2.13135        0.855686
    0.052   0             2.22016        0.863781
    0.054   0             2.30896        0.87137
    0.056   0             2.39777        0.878491
    0.058   0             2.48657        0.885179
    0.06    0             2.57538        0.891462
    0.062   0             2.66419        0.89737
    0.064   0             2.75299        0.902927
    0.066   0             2.8418         0.908159
    0.068   0             2.93061        0.913085
    0.07    0             3.01941        0.917727
    0.072   0             3.10822        0.922102
    0.074   0             3.19702        0.926228
    0.076   0             3.28583        0.93012
    0.078   0             3.37464        0.933793
    0.08    0             3.46344        0.93726
    0.082   0             3.55225        0.940535
    0.084   0             3.64105        0.943629
    0.086   0             3.72986        0.946552
    0.088   0             3.81867        0.949315
    0.09    0             3.90747        0.951928
    0.092   0             3.99628        0.954399
    0.094   0             4.08509        0.956737
    0.096   0             4.17389        0.958949
    0.098   0             4.2627         0.961042
    0.1     0             4.3515         0.963024
    0.102   0             4.44031        0.9649
    0.104   0             4.52912        0.966677
    0.106   0             4.61792        0.96836
    0.108   0             4.70673        0.969955
    0.11    0             4.79554        0.971466
    0.112   0             4.88434        0.972899
    0.114   0             4.97315        0.974256
    0.116   0             5.06195        0.975543
    0.118   0             5.15076        0.976764
    0.12    0             5.23957        0.977921
    0.122   0             5.32837        0.979019
    0.124   0             5.41718        0.98006
    0.126   0             5.50599        0.981049
    0.128   0             5.59479        0.981986
    0.13    0             5.6836         0.982876
    0.132   0             5.7724         0.98372
    0.134   0             5.86121        0.984522
    0.136   0             5.95002        0.985283
    0.138   0             6.03882        0.986005
    0.14    0             6.12763        0.986691
    0.142   0             6.21644        0.987343
    0.144   0             6.30524        0.987962
    0.146   0             6.39405        0.98855
    0.148   0             6.48285        0.989108
    0.15    0             6.57166        0.989638
    0.152   0             6.66047        0.990142
    0.154   0             6.74927        0.990621
    0.156   0             6.83808        0.991077
    0.158   0             6.92688        0.991509
    0.16    0             7.01569        0.99192
    0.162   0             7.1045         0.992311
    0.164   0             7.1933         0.992682
    0.166   0             7.28211        0.993036
    0.168   0             7.37092        0.993371
    0.17    0             7.45972        0.993691
    0.172   0             7.54853        0.993994
    0.174   0             7.63733        0.994283
    0.176   0             7.72614        0.994557
    0.178   0             7.81495        0.994818
    0.18    0             7.90375        0.995067
    0.182   0             7.99256        0.995303
    0.184   0             8.08137        0.995528
    0.186   0             8.17017        0.995742
    0.188   0             8.25898        0.995945
    0.19    0             8.34778        0.996138
    0.192   0             8.43659        0.996323
    0.194   0             8.5254         0.996498
    0.196   0             8.6142         0.996664
    0.198   0             8.70301        0.996823
    0.2     0             8.79182        0.996974
    0.202   0             8.88062        0.997118
    0.204   0             8.96943        0.997255
    0.206   0             9.05823        0.997385
    0.208   0             9.14704        0.997509
    0.21    0             9.23585        0.997627
    0.212   0             9.32465        0.997739
    0.214   0             9.41346        0.997846
    0.216   0             9.50227        0.997948
    0.218   0             9.59107        0.998045
    0.22    0             9.67988        0.998137
    0.222   0             9.76868        0.998225
    0.224   0             9.85749        0.998309
    0.226   0             9.9463         0.998388
    0.228   0            10.0351         0.998464
    0.23    0            10.1239         0.998536
    0.232   0            10.2127         0.998605
    0.234   0            10.3015         0.998671
    0.236   0            10.3903         0.998733
    0.238   0            10.4791         0.998793
    0.24    0            10.5679         0.998849
    0.242   0            10.6567         0.998903
    0.244   0            10.7456         0.998955
    0.246   0            10.8344         0.999004
    0.248   0            10.9232         0.99905
    0.25    0            11.012          0.999095
    0.252   0            11.1008         0.999137
    0.254   0            11.1896         0.999177
    0.256   0            11.2784         0.999216
    0.258   0            11.3672         0.999252
    0.26    0            11.456          0.999287
    0.262   0            11.5448         0.999321
    0.264   0            11.6336         0.999352
    0.266   0            11.7224         0.999382
    0.268   0            11.8112         0.999411
    0.27    0            11.9            0.999439
    0.272   0            11.9888         0.999465
    0.274   0            12.0776         0.99949
    0.276   0            12.1665         0.999513
    0.278   0            12.2553         0.999536
    0.28    0            12.3441         0.999558
    0.282   0            12.4329         0.999578
    0.284   0            12.5217         0.999598
    0.286   0            12.6105         0.999616
    0.288   0            12.6993         0.999634
    0.29    2.84217e-14  12.7881         0.999651
    0.292   1.13687e-13  12.8769         0.999667
    0.294   1.10845e-12  12.9657         0.999683
    0.296   1.27898e-12  13.0545         0.999697
    0.298   0.000231407  13.1433         0.999711
    0.3     0.000396867  13.2321         0.999725
    0.302   0.000463404  13.3209         0.999738
    0.304   0.000987314  13.4097         0.99975
    0.306   0.00172986   13.4985         0.999761
    0.308   0.00182158   13.5874         0.999772
    0.31    0.0020562    13.6762         0.999783
    0.312   0.0020811    13.765          0.999793
    0.314   0.00221495   13.8538         0.999802
    0.316   0.00233941   13.9426         0.999812
    0.318   0.00275656   14.0314         0.99982
    0.32    0.00306888   14.1202         0.999829
    0.322   0.00310349   14.209          0.999836
    0.324   0.00328774   14.2978         0.999844
    0.326   0.00335523   14.3866         0.999851
    0.328   0.00368543   14.4754         0.999858
    0.33    0.00371846   14.5642         0.999865
    0.332   0.00376593   14.653          0.999871
    0.334   0.00387298   14.7418         0.999877
    0.336   0.00410464   14.8306         0.999882
    0.338   0.00410471   14.9194         0.999888
    0.34    0.00416356   15.0083         0.999893
    0.342   0.00426492   15.0971         0.999898
    0.344   0.00426992   15.1859         0.999903
    0.346   0.00439026   15.2747         0.999907
    0.348   0.00518474   15.3635         0.999911
    0.35    0.0052334    15.4523         0.999915
    0.352   0.00539315   15.5411         0.999919
    0.354   0.00552919   15.6299         0.999923
    0.356   0.00686013   15.7187         0.999927
    0.358   0.00708634   15.8075         0.99993
    0.36    0.00720401   15.8963         0.999933
    0.362   0.00786483   15.9851         0.999936
    0.364   0.00815943   16.0739         0.999939
    0.366   0.00835956   16.1627         0.999942
    0.368   0.00847828   16.2515         0.999945
    0.37    0.00884974   16.3403         0.999947
    0.372   0.0101098    16.4292         0.999949
    0.374   0.0103903    16.518          0.999952
    0.376   0.0106496    16.6068         0.999954
    0.378   0.0107332    16.6956         0.999956
    0.38    0.0109211    16.7844         0.999958
    0.382   0.0112007    16.8732         0.99996
    0.384   0.0121035    16.962          0.999962
    0.386   0.0124466    17.0508         0.999964
    0.388   0.0124835    17.1396         0.999965
    0.39    0.0125933    17.2284         0.999967
    0.392   0.0130715    17.3172         0.999968
    0.394   0.0132779    17.406          0.99997
    0.396   0.0133055    17.4948         0.999971
    0.398   0.0137643    17.5836         0.999973
    0.4     0.0138423    17.6724         0.999974
    0.402   0.0141608    17.7612         0.999975
    0.404   0.0145674    17.85           0.999976
    0.406   0.0147258    17.9389         0.999977
    0.408   0.0151011    18.0277         0.999978
    0.41    0.0163393    18.1165         0.999979
    0.412   0.0171313    18.2053         0.99998
    0.414   0.0171751    18.2941         0.999981
    0.416   0.0174576    18.3829         0.999982
    0.418   0.0177545    18.4717         0.999983
    0.42    0.0188931    18.5605         0.999984
    0.422   0.0199471    18.6493         0.999984
    0.424   0.0208345    18.7381         0.999985
    0.426   0.0239444    18.8269         0.999986
    0.428   0.0243197    18.9157         0.999986
    0.43    0.0245757    19.0045         0.999987
    0.432   0.0248897    19.0933         0.999988
    0.434   0.0315066    19.1821         0.999988
    0.436   0.032378     19.2709         0.999989
    0.438   0.0326102    19.3598         0.999989
    0.44    0.0330914    19.4486         0.99999
    0.442   0.0331177    19.5374         0.99999
    0.444   0.0332703    19.6262         0.999991
    0.446   0.0337943    19.715          0.999991
    0.448   0.0350409    19.8038         0.999991
    0.45    0.0351878    19.8926         0.999992
    0.452   0.0360002    19.9814         0.999992
    0.454   0.0378296    20.0702         0.999993
    0.456   0.0410159    20.159          0.999993
    0.458   0.0410427    20.2478         0.999993
    0.46    0.0484862    20.3366         0.999994
    0.462   0.050393     20.4254         0.999994
    0.464   0.05324      20.5142         0.999994
    0.466   0.0558658    20.603          0.999994
    0.468   0.0560275    20.6918         0.999995
    0.47    0.0572444    20.7807         0.999995
    0.472   0.0591319    20.8695         0.999995
    0.474   0.059838     20.9583         0.999995
    0.476   0.0618971    21.0471         0.999996
    0.478   0.0626497    21.1359         0.999996
    0.48    0.0626999    21.2247         0.999996
    0.482   0.0639178    21.3135         0.999996
    0.484   0.0753825    21.4023         0.999996
    0.486   0.0766511    21.4911         0.999996
    0.488   0.0779739    21.5799         0.999997
    0.49    0.0831151    21.6687         0.999997
    0.492   0.0887149    21.7575         0.999997
    0.494   0.0906646    21.8463         0.999997
    0.496   0.0951825    21.9351         0.999997
    0.498   0.103865     22.0239         0.999997
    0.5     0.106537     22.1127         0.999997
    0.502   0.109173     22.2016         0.999998
    0.504   0.110668     22.2904         0.999998
    0.506   0.112959     22.3792         0.999998
    0.508   0.124523     22.468          0.999998
    0.51    0.147432     22.5568         0.999998
    0.512   0.159569     22.6456         0.999998
    0.514   0.168772     22.7344         0.999998
    0.516   0.185853     22.8232         0.999998
    0.518   0.18675      22.912          0.999998
    0.52    0.203117     23.0008         0.999998
    0.522   0.212873     23.0896         0.999998
    0.524   0.252478     23.1784         0.999999
    0.526   0.270446     23.2672         0.999999
    0.528   0.329327     23.356          0.999999
    0.53    0.330331     23.4448         0.999999
    0.532   0.421242     23.5336         0.999999
    0.534   0.423576     23.6225         0.999999
    0.536   0.426569     23.7113         0.999999
    0.538   0.466282     23.8001         0.999999
    0.54    0.479791     23.8889         0.999999
    0.542   0.494353     23.9777         0.999999
    0.544   0.53277      24.0665         0.999999
    0.546   0.545337     24.1553         0.999999
    0.548   0.552454     24.2441         0.999999
    0.55    0.591399     24.3329         0.999999
    0.552   0.602785     24.4217         0.999999
    0.554   0.616732     24.5105         0.999999
    0.556   0.687842     24.5993         0.999999
    0.558   0.806222     24.6881         0.999999
    0.56    0.814532     24.7769         0.999999
    0.562   0.815921     24.8657         0.999999
    0.564   0.835293     24.9545         0.999999
    0.566   0.91576      25.0434         0.999999
    0.568   0.915853     25.1322         0.999999
    0.57    0.91837      25.221          0.999999
    0.572   0.935613     25.3098         1
    0.574   0.937333     25.3986         1
    0.576   0.944778     25.4874         1
    0.578   0.955431     25.5762         1
    0.58    0.961672     25.665          1
    0.582   0.969135     25.7538         1
    0.584   0.989219     25.8426         1
    0.586   1.00278      25.9314         1
    0.588   1.03118      26.0202         1
    0.59    1.04794      26.109          1
    0.592   1.06774      26.1978         1
    0.594   1.07508      26.2866         1
    0.596   1.09783      26.3754         1
    0.598   1.09877      26.4643         1
    0.6     1.10249      26.5531         1
    0.602   1.15722      26.6419         1
    0.604   1.1605       26.7307         1
    0.606   1.16933      26.8195         1
    0.608   1.193        26.9083         1
    0.61    1.27953      26.9971         1
    0.612   1.30722      27.0859         1
    0.614   1.31123      27.1747         1
    0.616   1.32538      27.2635         1
    0.618   1.34084      27.3523         1
    0.62    1.38143      27.4411         1
    0.622   1.42486      27.5299         1
    0.624   1.43062      27.6187         1
    0.626   1.4383       27.7075         1
    0.628   1.49919      27.7963         1
    0.63    1.53943      27.8852         1
    0.632   1.57709      27.974          1
    0.634   1.58697      28.0628         1
    0.636   1.643        28.1516         1
    0.638   1.64851      28.2404         1
    0.64    1.72843      28.3292         1
    0.642   1.76929      28.418          1
    0.644   1.78359      28.5068         1
    0.646   1.7836       28.5956         1
    0.648   1.78895      28.6844         1
    0.65    1.79022      28.7732         1
    0.652   1.82119      28.862          1
    0.654   1.83812      28.9508         1
    0.656   1.84382      29.0396         1
    0.658   1.85927      29.1284         1
    0.66    1.86928      29.2172         1
    0.662   1.8787       29.3061         1
    0.664   1.9215       29.3949         1
    0.666   1.95417      29.4837         1
    0.668   1.96856      29.5725         1
    0.67    1.96957      29.6613         1
    0.672   1.97723      29.7501         1
    0.674   1.98276      29.8389         1
    0.676   1.98808      29.9277         1
    0.678   2.02195      30.0165         1
    0.68    2.14533      30.1053         1
    0.682   2.14764      30.1941         1
    0.684   2.16902      30.2829         1
    0.686   2.17833      30.3717         1
    0.688   2.18548      30.4605         1
    0.69    2.19834      30.5493         1
    0.692   2.22991      30.6381         1
    0.694   2.23317      30.727          1
    0.696   2.26217      30.8158         1
    0.698   2.2625       30.9046         1
    0.7     2.28934      30.9934         1
    0.702   2.2966       31.0822         1
    0.704   2.29661      31.171          1
    0.706   2.31532      31.2598         1
    0.708   2.39419      31.3486         1
    0.71    2.41363      31.4374         1
    0.712   2.46706      31.5262         1
    0.714   2.49907      31.615          1
    0.716   2.54758      31.7038         1
    0.718   2.55775      31.7926         1
    0.72    2.57688      31.8814         1
    0.722   2.5838       31.9702         1
    0.724   2.58776      32.059          1
    0.726   2.60412      32.1479         1
    0.728   2.64264      32.2367         1
    0.73    2.64387      32.3255         1
    0.732   2.68556      32.4143         1
    0.734   2.69021      32.5031         1
    0.736   2.6977       32.5919         1
    0.738   2.76604      32.6807         1
    0.74    2.77499      32.7695         1
    0.742   2.8142       32.8583         1
    0.744   2.83981      32.9471         1
    0.746   2.88664      33.0359         1
    0.748   2.9124       33.1247         1
    0.75    2.92956      33.2135         1
    0.752   2.9643       33.3023         1
    0.754   2.98003      33.3911         1
    0.756   2.99812      33.4799         1
    0.758   3.14295      33.5688         1
    0.76    3.18881      33.6576         1
    0.762   3.25335      33.7464         1
    0.764   3.25646      33.8352         1
    0.766   3.28573      33.924          1
    0.768   3.35         34.0128         1
    0.77    3.35097      34.1016         1
    0.772   3.36641      34.1904         1
    0.774   3.4342       34.2792         1
    0.776   3.44513      34.368          1
    0.778   3.50053      34.4568         1
    0.78    3.84093      34.5456         1
    0.782   3.84555      34.6344         1
    0.784   3.92793      34.7232         1
    0.786   4.00589      34.812          1
    0.788   4.02247      34.9008         1
    0.79    4.17874      34.9896         1
    0.792   4.2681       35.0785         1
    0.794   4.28214      35.1673         1
    0.796   4.28501      35.2561         1
    0.798   4.44208      35.3449         1
    0.8     4.45328      35.4337         1
    0.802   4.52535      35.5225         1
    0.804   4.60964      35.6113         1
    0.806   4.67721      35.7001         1
    0.808   4.72782      35.7889         1
    0.81    4.80966      35.8777         1
    0.812   4.81235      35.9665         1
    0.814   4.83015      36.0553         1
    0.816   4.87219      36.1441         1
    0.818   4.95075      36.2329         1
    0.82    4.96399      36.3217         1
    0.822   5.0022       36.4105         1
    0.824   5.02038      36.4994         1
    0.826   5.16339      36.5882         1
    0.828   5.31426      36.677          1
    0.83    5.35821      36.7658         1
    0.832   5.4863       36.8546         1
    0.834   5.52437      36.9434         1
    0.836   5.61482      37.0322         1
    0.838   5.6244       37.121          1
    0.84    5.83655      37.2098         1
    0.842   5.85719      37.2986         1
    0.844   5.85972      37.3874         1
    0.846   5.86597      37.4762         1
    0.848   6.03777      37.565          1
    0.85    6.19788      37.6538         1
    0.852   6.20657      37.7426         1
    0.854   6.22717      37.8314         1
    0.856   6.28026      37.9203         1
    0.858   6.31194      38.0091         1
    0.86    6.32616      38.0979         1
    0.862   6.39914      38.1867         1
    0.864   6.4349       38.2755         1
    0.866   6.70767      38.3643         1
    0.868   6.88431      38.4531         1
    0.87    6.89219      38.5419         1
    0.872   7.00343      38.6307         1
    0.874   7.05779      38.7195         1
    0.876   7.10558      38.8083         1
    0.878   7.10581      38.8971         1
    0.88    7.23365      38.9859         1
    0.882   7.40394      39.0747         1
    0.884   7.44603      39.1635         1
    0.886   7.45972      39.2523         1
    0.888   7.51991      39.3412         1
    0.89    7.55285      39.43           1
    0.892   7.71997      39.5188         1
    0.894   7.77221      39.6076         1
    0.896   7.89996      39.6964         1
    0.898   8.22992      39.7852         1
    0.9     8.34958      39.874          1
    0.902   8.35831      39.9628         1
    0.904   8.67519      40.0516         1
    0.906   8.79981      40.1404         1
    0.908   8.83132      40.2292         1
    0.91    8.85473      40.318          1
    0.912   9.24745      40.4068         1
    0.914   9.47618      40.4956         1
    0.916   9.77788      40.5844         1
    0.918   9.90229      40.6732         1
    0.92    9.91607      40.7621         1
    0.922   9.99259      40.8509         1
    0.924  10.0296       40.9397         1
    0.926  10.0461       41.0285         1
    0.928  10.0849       41.1173         1
    0.93   10.155        41.2061         1
    0.932  10.2098       41.2949         1
    0.934  10.3689       41.3837         1
    0.936  10.585        41.4725         1
    0.938  11.0173       41.5613         1
    0.94   11.0689       41.6501         1
    0.942  11.3916       41.7389         1
    0.944  12.0501       41.8277         1
    0.946  12.0526       41.9165         1
    0.948  12.5          42.0053         1
    0.95   12.6554       42.0941         1
    0.952  12.7184       42.183          1
    0.954  12.7795       42.2718         1
    0.956  13.4006       42.3606         1
    0.958  13.5094       42.4494         1
    0.96   13.5185       42.5382         1
    0.962  14.1931       42.627          1
    0.964  14.8079       42.7158         1
    0.966  15.4461       42.8046         1
    0.968  15.6492       42.8934         1
    0.97   16.163        42.9822         1
    0.972  16.207        43.071          1
    0.974  17.2112       43.1598         1
    0.976  17.2459       43.2486         1
    0.978  17.2968       43.3374         1
    0.98   17.8567       43.4262         1
    0.982  19.2589       43.515          1
    0.984  19.3925       43.6039         1
    0.986  19.4081       43.6927         1
    0.988  19.7445       43.7815         1
    0.99   20.7602       43.8703         1
    0.992  21.9981       43.9591         1
    0.994  23.0424       44.0479         1
    0.996  27.3283       44.1367         1
    0.998  28.2336       44.2255         1
    1      44.3143       44.3143         1
