CHISQcheck_ratioPRF

Command line: -o HiQ -y chi2 -b -f -k 500 -n 100 -s 1 -p 500 -q 500

AUC: None
  CumProb        2Delta       chi^2    chi^2_Prob
    0.002   0             0              0
    0.004   0             0.037161       0.152862
    0.006   0             0.0743219      0.214855
    0.008   0             0.111483       0.261538
    0.01    0             0.148644       0.300165
    0.012   0             0.185805       0.333569
    0.014   0             0.222966       0.363211
    0.016   0             0.260127       0.389967
    0.018   0             0.297288       0.414412
    0.02    0             0.334449       0.436949
    0.022   0             0.37161        0.457872
    0.024   0             0.408771       0.477406
    0.026   0             0.445931       0.495727
    0.028   0             0.483092       0.512975
    0.03    0             0.520253       0.529266
    0.032   0             0.557414       0.544696
    0.034   0             0.594575       0.559345
    0.036   0             0.631736       0.573281
    0.038   0             0.668897       0.586564
    0.04    0             0.706058       0.599244
    0.042   0             0.743219       0.611368
    0.044   0             0.78038        0.622975
    0.046   0             0.817541       0.6341
    0.048   0             0.854702       0.644774
    0.05    0             0.891863       0.655027
    0.052   0             0.929024       0.664883
    0.054   0             0.966185       0.674367
    0.056   0             1.00335        0.683498
    0.058   0             1.04051        0.692296
    0.06    0             1.07767        0.70078
    0.062   0             1.11483        0.708965
    0.064   0             1.15199        0.716867
    0.066   0             1.18915        0.724499
    0.068   0             1.22631        0.731874
    0.07    0             1.26347        0.739005
    0.072   0             1.30063        0.745902
    0.074   0             1.33779        0.752577
    0.076   0             1.37496        0.759038
    0.078   0             1.41212        0.765295
    0.08    0             1.44928        0.771356
    0.082   0             1.48644        0.77723
    0.084   0             1.5236         0.782924
    0.086   0             1.56076        0.788446
    0.088   0             1.59792        0.793802
    0.09    0             1.63508        0.798998
    0.092   0             1.67224        0.804042
    0.094   0             1.7094         0.808937
    0.096   0             1.74657        0.813691
    0.098   0             1.78373        0.818308
    0.1     0             1.82089        0.822792
    0.102   0             1.85805        0.82715
    0.104   0             1.89521        0.831384
    0.106   0             1.93237        0.835501
    0.108   0             1.96953        0.839502
    0.11    0             2.00669        0.843394
    0.112   0             2.04385        0.847178
    0.114   0             2.08101        0.850859
    0.116   0             2.11817        0.85444
    0.118   0             2.15534        0.857925
    0.12    0             2.1925         0.861316
    0.122   0             2.22966        0.864616
    0.124   0             2.26682        0.867829
    0.126   0             2.30398        0.870957
    0.128   0             2.34114        0.874003
    0.13    0             2.3783         0.876969
    0.132   0             2.41546        0.879858
    0.134   0             2.45262        0.882671
    0.136   0             2.48978        0.885413
    0.138   0             2.52695        0.888083
    0.14    0             2.56411        0.890686
    0.142   0             2.60127        0.893222
    0.144   0             2.63843        0.895693
    0.146   0             2.67559        0.898102
    0.148   0             2.71275        0.900451
    0.15    0             2.74991        0.90274
    0.152   0             2.78707        0.904972
    0.154   0             2.82423        0.907149
    0.156   0             2.86139        0.909271
    0.158   0             2.89855        0.911341
    0.16    0             2.93572        0.91336
    0.162   0             2.97288        0.915329
    0.164   0             3.01004        0.91725
    0.166   0             3.0472         0.919123
    0.168   0             3.08436        0.920952
    0.17    0             3.12152        0.922735
    0.172   0             3.15868        0.924476
    0.174   0             3.19584        0.926174
    0.176   0             3.233          0.927832
    0.178   0             3.27016        0.929449
    0.18    0             3.30733        0.931028
    0.182   0             3.34449        0.932569
    0.184   0             3.38165        0.934074
    0.186   0             3.41881        0.935542
    0.188   0             3.45597        0.936976
    0.19    0             3.49313        0.938376
    0.192   0             3.53029        0.939743
    0.194   0             3.56745        0.941077
    0.196   0             3.60461        0.942381
    0.198   0             3.64177        0.943653
    0.2     0             3.67893        0.944896
    0.202   0             3.7161         0.94611
    0.204   0             3.75326        0.947295
    0.206   0             3.79042        0.948453
    0.208   0             3.82758        0.949584
    0.21    0             3.86474        0.950689
    0.212   0             3.9019         0.951768
    0.214   0             3.93906        0.952823
    0.216   0             3.97622        0.953853
    0.218   0             4.01338        0.95486
    0.22    0             4.05054        0.955843
    0.222   0             4.08771        0.956804
    0.224   0             4.12487        0.957743
    0.226   0             4.16203        0.95866
    0.228   0             4.19919        0.959557
    0.23    0             4.23635        0.960433
    0.232   0             4.27351        0.961289
    0.234   0             4.31067        0.962126
    0.236   0             4.34783        0.962944
    0.238   0             4.38499        0.963743
    0.24    0             4.42215        0.964525
    0.242   0             4.45931        0.965289
    0.244   0             4.49648        0.966035
    0.246   0             4.53364        0.966765
    0.248   0             4.5708         0.967479
    0.25    0             4.60796        0.968176
    0.252   0             4.64512        0.968858
    0.254   0             4.68228        0.969525
    0.256   0             4.71944        0.970177
    0.258   0             4.7566         0.970814
    0.26    0             4.79376        0.971437
    0.262   0             4.83092        0.972046
    0.264   0             4.86809        0.972642
    0.266   0             4.90525        0.973225
    0.268   0             4.94241        0.973794
    0.27    0             4.97957        0.974352
    0.272   0             5.01673        0.974896
    0.274   0             5.05389        0.975429
    0.276   0             5.09105        0.97595
    0.278   0             5.12821        0.97646
    0.28    0             5.16537        0.976958
    0.282   0             5.20253        0.977446
    0.284   0.000524941   5.2397         0.977923
    0.286   0.0016694     5.27686        0.978389
    0.288   0.00191679    5.31402        0.978845
    0.29    0.00209107    5.35118        0.979292
    0.292   0.00213122    5.38834        0.979728
    0.294   0.00497139    5.4255         0.980155
    0.296   0.00849273    5.46266        0.980573
    0.298   0.00902976    5.49982        0.980982
    0.3     0.0104591     5.53698        0.981381
    0.302   0.0193881     5.57414        0.981772
    0.304   0.0201596     5.6113         0.982155
    0.306   0.0204806     5.64847        0.982529
    0.308   0.0210041     5.68563        0.982896
    0.31    0.022777      5.72279        0.983254
    0.312   0.0254795     5.75995        0.983604
    0.314   0.0261332     5.79711        0.983947
    0.316   0.027695      5.83427        0.984283
    0.318   0.0291147     5.87143        0.984611
    0.32    0.0480373     5.90859        0.984933
    0.322   0.0518192     5.94575        0.985247
    0.324   0.0557083     5.98291        0.985555
    0.326   0.0586791     6.02008        0.985856
    0.328   0.0685762     6.05724        0.986151
    0.33    0.0832038     6.0944         0.986439
    0.332   0.093451      6.13156        0.986721
    0.334   0.0959368     6.16872        0.986997
    0.336   0.0980657     6.20588        0.987267
    0.338   0.0994872     6.24304        0.987532
    0.34    0.101652      6.2802         0.987791
    0.342   0.106525      6.31736        0.988044
    0.344   0.10852       6.35452        0.988292
    0.346   0.108694      6.39168        0.988534
    0.348   0.116014      6.42885        0.988772
    0.35    0.126485      6.46601        0.989004
    0.352   0.13988       6.50317        0.989232
    0.354   0.14046       6.54033        0.989454
    0.356   0.144292      6.57749        0.989672
    0.358   0.175474      6.61465        0.989886
    0.36    0.178398      6.65181        0.990094
    0.362   0.190269      6.68897        0.990299
    0.364   0.196767      6.72613        0.990499
    0.366   0.209854      6.76329        0.990695
    0.368   0.209973      6.80046        0.990887
    0.37    0.220535      6.83762        0.991074
    0.372   0.222911      6.87478        0.991258
    0.374   0.232938      6.91194        0.991438
    0.376   0.239524      6.9491         0.991614
    0.378   0.243772      6.98626        0.991786
    0.38    0.245922      7.02342        0.991955
    0.382   0.246433      7.06058        0.99212
    0.384   0.267063      7.09774        0.992282
    0.386   0.272341      7.1349         0.99244
    0.388   0.27579       7.17206        0.992595
    0.39    0.315228      7.20923        0.992747
    0.392   0.333315      7.24639        0.992896
    0.394   0.337585      7.28355        0.993041
    0.396   0.350602      7.32071        0.993184
    0.398   0.360595      7.35787        0.993323
    0.4     0.363181      7.39503        0.99346
    0.402   0.366614      7.43219        0.993593
    0.404   0.377521      7.46935        0.993724
    0.406   0.395261      7.50651        0.993852
    0.408   0.407245      7.54367        0.993978
    0.41    0.410971      7.58084        0.994101
    0.412   0.424864      7.618          0.994221
    0.414   0.42556       7.65516        0.994339
    0.416   0.43009       7.69232        0.994454
    0.418   0.43308       7.72948        0.994567
    0.42    0.43786       7.76664        0.994678
    0.422   0.446794      7.8038         0.994786
    0.424   0.456703      7.84096        0.994892
    0.426   0.457205      7.87812        0.994996
    0.428   0.458944      7.91528        0.995098
    0.43    0.459509      7.95245        0.995198
    0.432   0.466019      7.98961        0.995295
    0.434   0.466495      8.02677        0.995391
    0.436   0.478291      8.06393        0.995484
    0.438   0.509789      8.10109        0.995576
    0.44    0.522568      8.13825        0.995666
    0.442   0.534858      8.17541        0.995754
    0.444   0.577068      8.21257        0.99584
    0.446   0.577861      8.24973        0.995924
    0.448   0.593974      8.28689        0.996007
    0.45    0.594366      8.32405        0.996088
    0.452   0.596581      8.36122        0.996167
    0.454   0.603923      8.39838        0.996244
    0.456   0.605038      8.43554        0.99632
    0.458   0.627794      8.4727         0.996395
    0.46    0.645426      8.50986        0.996468
    0.462   0.649797      8.54702        0.996539
    0.464   0.665278      8.58418        0.996609
    0.466   0.671739      8.62134        0.996678
    0.468   0.687727      8.6585         0.996745
    0.47    0.711133      8.69566        0.99681
    0.472   0.71844       8.73283        0.996875
    0.474   0.720921      8.76999        0.996938
    0.476   0.724627      8.80715        0.996999
    0.478   0.748284      8.84431        0.99706
    0.48    0.752712      8.88147        0.997119
    0.482   0.780705      8.91863        0.997177
    0.484   0.781596      8.95579        0.997234
    0.486   0.804037      8.99295        0.99729
    0.488   0.805146      9.03011        0.997344
    0.49    0.809992      9.06727        0.997398
    0.492   0.821382      9.10443        0.99745
    0.494   0.821609      9.1416         0.997501
    0.496   0.826682      9.17876        0.997552
    0.498   0.833772      9.21592        0.997601
    0.5     0.858056      9.25308        0.997649
    0.502   0.871466      9.29024        0.997696
    0.504   0.889136      9.3274         0.997742
    0.506   0.909353      9.36456        0.997788
    0.508   0.925518      9.40172        0.997832
    0.51    0.931149      9.43888        0.997876
    0.512   0.938884      9.47604        0.997918
    0.514   0.957755      9.51321        0.99796
    0.516   0.96902       9.55037        0.998001
    0.518   0.992167      9.58753        0.998041
    0.52    0.993157      9.62469        0.99808
    0.522   1.00288       9.66185        0.998119
    0.524   1.0475        9.69901        0.998156
    0.526   1.06098       9.73617        0.998193
    0.528   1.08258       9.77333        0.998229
    0.53    1.08452       9.81049        0.998265
    0.532   1.09885       9.84765        0.9983
    0.534   1.10857       9.88481        0.998334
    0.536   1.11161       9.92198        0.998367
    0.538   1.11828       9.95914        0.998399
    0.54    1.16339       9.9963         0.998431
    0.542   1.16748      10.0335         0.998463
    0.544   1.16765      10.0706         0.998493
    0.546   1.17072      10.1078         0.998524
    0.548   1.18738      10.1449         0.998553
    0.55    1.20286      10.1821         0.998582
    0.552   1.21733      10.2193         0.99861
    0.554   1.21784      10.2564         0.998638
    0.556   1.22309      10.2936         0.998665
    0.558   1.23563      10.3307         0.998692
    0.56    1.2362       10.3679         0.998718
    0.562   1.28552      10.4051         0.998743
    0.564   1.33444      10.4422         0.998768
    0.566   1.33539      10.4794         0.998793
    0.568   1.34601      10.5166         0.998817
    0.57    1.36678      10.5537         0.99884
    0.572   1.37078      10.5909         0.998864
    0.574   1.37159      10.628          0.998886
    0.576   1.37653      10.6652         0.998908
    0.578   1.39967      10.7024         0.99893
    0.58    1.45381      10.7395         0.998951
    0.582   1.46626      10.7767         0.998972
    0.584   1.46677      10.8138         0.998993
    0.586   1.47094      10.851          0.999013
    0.588   1.47222      10.8882         0.999032
    0.59    1.47608      10.9253         0.999051
    0.592   1.49807      10.9625         0.99907
    0.594   1.50829      10.9996         0.999089
    0.596   1.52774      11.0368         0.999107
    0.598   1.5496       11.074          0.999125
    0.6     1.56337      11.1111         0.999142
    0.602   1.56833      11.1483         0.999159
    0.604   1.57554      11.1854         0.999176
    0.606   1.64786      11.2226         0.999192
    0.608   1.65132      11.2598         0.999208
    0.61    1.65271      11.2969         0.999224
    0.612   1.68481      11.3341         0.999239
    0.614   1.69017      11.3713         0.999254
    0.616   1.70961      11.4084         0.999269
    0.618   1.73941      11.4456         0.999283
    0.62    1.74309      11.4827         0.999298
    0.622   1.75745      11.5199         0.999311
    0.624   1.76928      11.5571         0.999325
    0.626   1.76937      11.5942         0.999338
    0.628   1.79311      11.6314         0.999352
    0.63    1.81148      11.6685         0.999364
    0.632   1.81369      11.7057         0.999377
    0.634   1.83554      11.7429         0.999389
    0.636   1.84125      11.78           0.999401
    0.638   1.85208      11.8172         0.999413
    0.64    1.85581      11.8543         0.999425
    0.642   1.87245      11.8915         0.999436
    0.644   1.88181      11.9287         0.999447
    0.646   1.91085      11.9658         0.999458
    0.648   1.94074      12.003          0.999469
    0.65    1.96568      12.0402         0.999479
    0.652   1.98139      12.0773         0.99949
    0.654   2.01708      12.1145         0.9995
    0.656   2.05542      12.1516         0.99951
    0.658   2.06022      12.1888         0.999519
    0.66    2.10162      12.226          0.999529
    0.662   2.11224      12.2631         0.999538
    0.664   2.12834      12.3003         0.999547
    0.666   2.15212      12.3374         0.999556
    0.668   2.19942      12.3746         0.999565
    0.67    2.20946      12.4118         0.999573
    0.672   2.22472      12.4489         0.999582
    0.674   2.22985      12.4861         0.99959
    0.676   2.23177      12.5232         0.999598
    0.678   2.26632      12.5604         0.999606
    0.68    2.26951      12.5976         0.999614
    0.682   2.26956      12.6347         0.999621
    0.684   2.36622      12.6719         0.999629
    0.686   2.37661      12.709          0.999636
    0.688   2.41602      12.7462         0.999643
    0.69    2.45998      12.7834         0.99965
    0.692   2.51355      12.8205         0.999657
    0.694   2.56258      12.8577         0.999664
    0.696   2.63125      12.8949         0.999671
    0.698   2.67213      12.932          0.999677
    0.7     2.67465      12.9692         0.999683
    0.702   2.69939      13.0063         0.99969
    0.704   2.761        13.0435         0.999696
    0.706   2.76839      13.0807         0.999702
    0.708   2.80134      13.1178         0.999707
    0.71    2.88121      13.155          0.999713
    0.712   2.8887       13.1921         0.999719
    0.714   2.90342      13.2293         0.999724
    0.716   2.90596      13.2665         0.99973
    0.718   2.9233       13.3036         0.999735
    0.72    3.01296      13.3408         0.99974
    0.722   3.18661      13.3779         0.999745
    0.724   3.21307      13.4151         0.99975
    0.726   3.2599       13.4523         0.999755
    0.728   3.26544      13.4894         0.99976
    0.73    3.2714       13.5266         0.999765
    0.732   3.28644      13.5637         0.999769
    0.734   3.3065       13.6009         0.999774
    0.736   3.33179      13.6381         0.999778
    0.738   3.33282      13.6752         0.999783
    0.74    3.37801      13.7124         0.999787
    0.742   3.40468      13.7496         0.999791
    0.744   3.40839      13.7867         0.999795
    0.746   3.4286       13.8239         0.999799
    0.748   3.43158      13.861          0.999803
    0.75    3.43996      13.8982         0.999807
    0.752   3.44748      13.9354         0.999811
    0.754   3.4519       13.9725         0.999814
    0.756   3.46587      14.0097         0.999818
    0.758   3.47371      14.0468         0.999822
    0.76    3.47737      14.084          0.999825
    0.762   3.48524      14.1212         0.999829
    0.764   3.5071       14.1583         0.999832
    0.766   3.52081      14.1955         0.999835
    0.768   3.53914      14.2326         0.999838
    0.77    3.5644       14.2698         0.999842
    0.772   3.5785       14.307          0.999845
    0.774   3.60794      14.3441         0.999848
    0.776   3.61894      14.3813         0.999851
    0.778   3.66742      14.4185         0.999854
    0.78    3.66943      14.4556         0.999856
    0.782   3.67425      14.4928         0.999859
    0.784   3.68264      14.5299         0.999862
    0.786   3.68455      14.5671         0.999865
    0.788   3.70208      14.6043         0.999867
    0.79    3.70727      14.6414         0.99987
    0.792   3.71582      14.6786         0.999873
    0.794   3.71734      14.7157         0.999875
    0.796   3.76693      14.7529         0.999877
    0.798   3.7999       14.7901         0.99988
    0.8     3.85497      14.8272         0.999882
    0.802   3.91671      14.8644         0.999884
    0.804   3.99451      14.9015         0.999887
    0.806   3.99461      14.9387         0.999889
    0.808   4.03451      14.9759         0.999891
    0.81    4.08852      15.013          0.999893
    0.812   4.08935      15.0502         0.999895
    0.814   4.11669      15.0873         0.999897
    0.816   4.21259      15.1245         0.999899
    0.818   4.28415      15.1617         0.999901
    0.82    4.33141      15.1988         0.999903
    0.822   4.41494      15.236          0.999905
    0.824   4.4285       15.2732         0.999907
    0.826   4.45665      15.3103         0.999909
    0.828   4.46525      15.3475         0.999911
    0.83    4.46689      15.3846         0.999912
    0.832   4.49411      15.4218         0.999914
    0.834   4.52772      15.459          0.999916
    0.836   4.66978      15.4961         0.999917
    0.838   4.69202      15.5333         0.999919
    0.84    4.71155      15.5704         0.999921
    0.842   4.72305      15.6076         0.999922
    0.844   4.73908      15.6448         0.999924
    0.846   4.75771      15.6819         0.999925
    0.848   4.7698       15.7191         0.999927
    0.85    4.77383      15.7562         0.999928
    0.852   4.90103      15.7934         0.999929
    0.854   4.90945      15.8306         0.999931
    0.856   4.93052      15.8677         0.999932
    0.858   5.04487      15.9049         0.999933
    0.86    5.11026      15.9421         0.999935
    0.862   5.23245      15.9792         0.999936
    0.864   5.24248      16.0164         0.999937
    0.866   5.2566       16.0535         0.999938
    0.868   5.26617      16.0907         0.99994
    0.87    5.39517      16.1279         0.999941
    0.872   5.46926      16.165          0.999942
    0.874   5.50529      16.2022         0.999943
    0.876   5.56451      16.2393         0.999944
    0.878   5.57874      16.2765         0.999945
    0.88    5.58467      16.3137         0.999946
    0.882   5.58626      16.3508         0.999947
    0.884   5.66583      16.388          0.999948
    0.886   5.68974      16.4251         0.999949
    0.888   5.75145      16.4623         0.99995
    0.89    5.75196      16.4995         0.999951
    0.892   5.78155      16.5366         0.999952
    0.894   5.81001      16.5738         0.999953
    0.896   5.83201      16.6109         0.999954
    0.898   5.90728      16.6481         0.999955
    0.9     5.92013      16.6853         0.999956
    0.902   5.95906      16.7224         0.999957
    0.904   6.01553      16.7596         0.999958
    0.906   6.04337      16.7968         0.999958
    0.908   6.18642      16.8339         0.999959
    0.91    6.19061      16.8711         0.99996
    0.912   6.26519      16.9082         0.999961
    0.914   6.27523      16.9454         0.999962
    0.916   6.33377      16.9826         0.999962
    0.918   6.40729      17.0197         0.999963
    0.92    6.49199      17.0569         0.999964
    0.922   6.50082      17.094          0.999964
    0.924   6.50614      17.1312         0.999965
    0.926   6.52172      17.1684         0.999966
    0.928   6.52463      17.2055         0.999966
    0.93    6.66468      17.2427         0.999967
    0.932   6.90045      17.2798         0.999968
    0.934   7.00734      17.317          0.999968
    0.936   7.03163      17.3542         0.999969
    0.938   7.115        17.3913         0.99997
    0.94    7.24794      17.4285         0.99997
    0.942   7.30137      17.4657         0.999971
    0.944   7.49106      17.5028         0.999971
    0.946   7.62755      17.54           0.999972
    0.948   7.71539      17.5771         0.999972
    0.95    7.81057      17.6143         0.999973
    0.952   7.89224      17.6515         0.999973
    0.954   8.10778      17.6886         0.999974
    0.956   8.13479      17.7258         0.999974
    0.958   8.13608      17.7629         0.999975
    0.96    8.41227      17.8001         0.999975
    0.962   8.77042      17.8373         0.999976
    0.964   8.86467      17.8744         0.999976
    0.966   9.23268      17.9116         0.999977
    0.968   9.24261      17.9487         0.999977
    0.97    9.26695      17.9859         0.999978
    0.972   9.28822      18.0231         0.999978
    0.974   9.37256      18.0602         0.999979
    0.976   9.3826       18.0974         0.999979
    0.978   9.4749       18.1345         0.999979
    0.98   10.1081       18.1717         0.99998
    0.982  10.4186       18.2089         0.99998
    0.984  10.4823       18.246          0.999981
    0.986  11.7363       18.2832         0.999981
    0.988  12.1543       18.3204         0.999981
    0.99   12.5175       18.3575         0.999982
    0.992  12.7101       18.3947         0.999982
    0.994  13.6435       18.4318         0.999982
    0.996  14.2506       18.469          0.999983
    0.998  17.4409       18.5062         0.999983
    1      18.5433       18.5433         0.999983
