Power_basicPRF

Command line: -o HiQ -y power -b -f -k 1000 -n 100 -s 1 -p 500 -q 500

AUC: None
  2Ns_vals    0.050    0.010    0.001
    -4        1        1        1
    -3        1        1        1
    -2.5      1        1        1
    -2.25     1        1        1
    -2        1        1        1
    -1.75     1        1        1
    -1.5      1        1        1
    -1.25     1        1        1
    -1        1        1        1
    -0.75     1        1        1
    -0.5      0.996    0.981    0.925
    -0.5      0.998    0.982    0.917
    -0.15     0.391    0.175    0.063
    -0.1      0.22     0.077    0.019
    -0.075    0.18     0.058    0.014
    -0.05     0.126    0.045    0.007
    -0.025    0.098    0.031    0.006
     0        0.063    0.015    0.002
     0.025    0.061    0.008    0.001
     0.05     0.044    0.008    0.002
     0.075    0.042    0.013    0
     0.1      0.074    0.018    0.002
     0.15     0.147    0.049    0.01
     0.25     0.405    0.203    0.061
     0.5      0.95     0.821    0.609
     0.75     1        0.997    0.978
     1        1        1        1
     1.25     1        1        1
     1.5      1        1        1
     1.75     1        1        1
     2        1        1        1
     2.25     1        1        1
     2.5      1        1        1
     3        1        1        1
     4        1        1        1
