Power_basicPRF

Command line: -o debugHiQz -b -y power -f -k 5 -n 100 -s 1 -p 500 -q 500

AUC: None
  2Ns_vals    0.050    0.010    0.001
    -4          1        1        1
    -3          1        1        1
    -2.5        1        1        1
    -2.25       1        1        1
    -2          1        1        1
    -1.75       1        1        1
    -1.5        1        1        1
    -1.25       1        1        1
    -1          1        1        1
    -0.75       1        1        1
    -0.5        1        1        1
    -0.5        1        1        1
    -0.15       0.2      0        0
    -0.1        0.8      0.2      0
    -0.075      0        0        0
    -0.05       0        0        0
    -0.025      0        0        0
     0          0        0        0
     0.025      0        0        0
     0.05       0        0        0
     0.075      0        0        0
     0.1        0        0        0
     0.15       0.2      0        0
     0.25       0.2      0        0
     0.5        0.8      0.6      0.6
     0.75       1        1        1
     1          1        1        1
     1.25       1        1        1
     1.5        1        1        1
     1.75       1        1        1
     2          1        1        1
     2.25       1        1        1
     2.5        1        1        1
     3          1        1        1
     4          1        1        1
