Power_basicPRF

Command line: -o LowQdebug -y power -b -f -k 4 -n 100 -s 1 -p 50 -q 50

AUC: None
  2Ns_vals    0.050    0.010    0.001
   -20         1        1        1
   -15         1        1        1
   -12.5       1        1        1
   -11.25      1        1        1
   -10         1        1        1
    -8.75      1        1        1
    -7.5       1        1        1
    -6.25      1        1        1
    -5         1        1        1
    -3.75      1        1        1
    -2.5       1        1        1
    -2.5       1        1        1
    -0.75      0.75     0.5      0.25
    -0.5       0.25     0        0
    -0.375     0        0        0
    -0.25      0        0        0
    -0.125     0        0        0
     0         0        0        0
     0.125     0        0        0
     0.25      0.5      0        0
     0.375     0.25     0.25     0
     0.5       0.25     0        0
     0.75      0.75     0.5      0
     1.25      0.5      0.5      0
     2.5       1        1        0.5
     3.75      1        1        1
     5         1        1        1
     6.25      1        1        1
     7.5       0.75     0.75     0.75
     8.75      0.75     0.75     0.5
    10         1        0.75     0.75
    11.25      0.75     0.5      0.5
    12.5       1        0.75     0.75
    15         1        1        0.75
    20         0.25     0.25     0
