Power_basicPRF

Command line: -o LowQ -y power -b -f -k 1000 -n 100 -s 1 -p 50 -q 50

AUC: None
  2Ns_vals    0.050    0.010    0.001
   -20        1        1        1
   -15        1        1        1
   -12.5      1        1        1
   -11.25     1        1        1
   -10        1        1        1
    -8.75     1        1        1
    -7.5      1        1        1
    -6.25     1        1        1
    -5        1        1        1
    -3.75     1        1        1
    -2.5      1        1        1
    -2.5      1        1        1
    -0.75     0.612    0.379    0.143
    -0.5      0.337    0.145    0.034
    -0.375    0.192    0.075    0.017
    -0.25     0.126    0.034    0.007
    -0.125    0.068    0.019    0.001
     0        0.056    0.01     0.001
     0.125    0.051    0.012    0
     0.25     0.085    0.024    0.003
     0.375    0.125    0.035    0.008
     0.5      0.207    0.074    0.02
     0.75     0.389    0.18     0.071
     1.25     0.725    0.474    0.236
     2.5      0.959    0.87     0.688
     3.75     0.986    0.934    0.822
     5        0.98     0.937    0.814
     6.25     0.968    0.92     0.812
     7.5      0.974    0.911    0.768
     8.75     0.97     0.876    0.729
    10        0.941    0.853    0.708
    11.25     0.933    0.807    0.623
    12.5      0.917    0.766    0.577
    15        0.87     0.696    0.492
    20        0.057    0.014    0.001
